Netz: 784 - 500 - 500 - 500 - 10 
Rang - adaptiv ?: ja außer letzte Layer 
Epochen: 100 
Euler - Schrittweite: 0.2 
SV Trunkierung: tau*norm(Sigma) mit tau = 0.1 
Batch - Size: 600 
Device: cuda 
______________________________________________________________ 
Accuracy: [0.1148, 0.1851, 0.2573, 0.3827, 0.6691, 0.7603, 0.8435, 0.8796, 0.878, 0.8891, 0.9137, 0.9162, 0.9293, 0.6755, 0.9151, 0.9182, 0.9249, 0.8882, 0.9136, 0.9273, 0.9313, 0.941, 0.9421, 0.9441, 0.9477, 0.9449, 0.9414, 0.9483, 0.9526, 0.9526, 0.9376, 0.9266, 0.938, 0.9434, 0.8981, 0.9342, 0.9378, 0.9203, 0.9377, 0.9423, 0.9448, 0.9493, 0.9493, 0.9528, 0.9532, 0.9556, 0.9214, 0.8947, 0.9322, 0.9371, 0.9331, 0.9337, 0.9338, 0.8868, 0.935, 0.9455, 0.9485, 0.9467, 0.9238, 0.9482, 0.945, 0.9501, 0.9522, 0.9203, 0.9339, 0.9402, 0.9513, 0.9559, 0.9473, 0.9511, 0.9535, 0.9554, 0.9524, 0.9544, 0.9535, 0.9579, 0.9607, 0.9603, 0.9594, 0.9603, 0.9603, 0.9534, 0.9598, 0.9593, 0.9616, 0.9635, 0.9623, 0.9649, 0.9625, 0.9652, 0.9648, 0.9649, 0.9665, 0.9649, 0.9644, 0.9633, 0.9605, 0.8145, 0.9294, 0.9497, 0.9512] 
Trainingsdauer: 945.0662515163422 
Rang Entwicklung Layer 1: [500, 98, 77, 73, 66, 60, 54, 52, 50, 47, 45, 43, 41, 40, 38, 36, 35, 32, 30, 28, 28, 28, 28, 27, 26, 26, 25, 24, 23, 23, 23, 23, 23, 23, 23, 22, 22, 22, 21, 21, 21, 21, 20, 20, 20, 20, 20, 20, 20, 20, 20, 20, 20, 20, 20, 20, 20, 20, 20, 20, 20, 20, 20, 20, 20, 20, 20, 20, 20, 20, 20, 20, 20, 20, 20, 20, 20, 20, 20, 20, 20, 20, 20, 20, 20, 20, 20, 20, 20, 20, 20, 20, 20, 20, 20, 20, 20, 20, 20, 20, 20] 
Rang Entwicklung Layer 2: [500, 79, 74, 72, 67, 64, 60, 59, 57, 56, 55, 54, 53, 52, 51, 50, 49, 48, 47, 46, 45, 45, 44, 43, 43, 43, 42, 40, 40, 39, 39, 38, 38, 37, 36, 36, 34, 34, 34, 34, 33, 33, 32, 32, 32, 32, 30, 29, 28, 28, 28, 28, 27, 26, 26, 26, 26, 26, 26, 26, 26, 26, 25, 25, 25, 25, 25, 25, 25, 25, 25, 25, 24, 24, 24, 24, 24, 24, 24, 24, 24, 24, 24, 24, 24, 24, 24, 24, 24, 24, 24, 24, 24, 24, 24, 24, 24, 24, 24, 24, 24] 
Rang Entwicklung Layer 3: [500, 80, 74, 72, 68, 64, 61, 60, 59, 57, 56, 55, 55, 54, 53, 52, 51, 50, 49, 48, 47, 47, 46, 46, 45, 45, 45, 44, 44, 43, 43, 42, 42, 42, 41, 40, 40, 39, 39, 39, 38, 38, 37, 37, 36, 36, 36, 36, 35, 34, 34, 33, 32, 32, 32, 31, 31, 31, 31, 30, 30, 29, 29, 29, 29, 28, 28, 27, 27, 27, 27, 27, 27, 26, 26, 26, 25, 25, 25, 25, 25, 25, 24, 24, 24, 24, 24, 24, 24, 24, 24, 24, 23, 23, 23, 23, 23, 23, 23, 23, 23] 
Rang Entwicklung Layer 4: [10, 10, 10, 10, 10, 10, 10, 10, 10, 10, 10, 10, 10, 10, 10, 10, 10, 10, 10, 10, 10, 10, 10, 10, 10, 10, 10, 10, 10, 10, 10, 10, 10, 10, 10, 10, 10, 10, 10, 10, 10, 10, 10, 10, 10, 10, 10, 10, 10, 10, 10, 10, 10, 10, 10, 10, 10, 10, 10, 10, 10, 10, 10, 10, 10, 10, 10, 10, 10, 10, 10, 10, 10, 10, 10, 10, 10, 10, 10, 10, 10, 10, 10, 10, 10, 10, 10, 10, 10, 10, 10, 10, 10, 10, 10, 10, 10, 10, 10, 10, 10] 
Loss: [2.285076141357422, 1.9043803215026855, 1.6500999927520752, 0.9660871624946594, 0.6682950258255005, 0.5009757280349731, 0.37194302678108215, 0.46940094232559204, 0.39334121346473694, 0.2375563085079193, 0.26564711332321167, 0.2548242211341858, 0.4426153600215912, 0.2755253314971924, 0.2831684648990631, 0.24909958243370056, 0.3244771361351013, 0.3358535170555115, 0.27000361680984497, 0.22728228569030762, 0.2271108776330948, 0.20319071412086487, 0.17599311470985413, 0.13458576798439026, 0.15442264080047607, 0.2153385877609253, 0.12302155792713165, 0.15851588547229767, 0.11407466977834702, 0.2221861332654953, 0.23612946271896362, 0.157779261469841, 0.17560793459415436, 0.34073007106781006, 0.20060154795646667, 0.18897150456905365, 0.2193615436553955, 0.224069744348526, 0.17024783790111542, 0.1594403237104416, 0.12764717638492584, 0.13137385249137878, 0.11920894682407379, 0.1325891762971878, 0.14679087698459625, 0.20965276658535004, 0.3227267563343048, 0.22857971489429474, 0.23951782286167145, 0.24202914535999298, 0.2533034384250641, 0.23825670778751373, 0.43333134055137634, 0.24443835020065308, 0.18338625133037567, 0.17284482717514038, 0.19553665816783905, 0.25066643953323364, 0.1423911154270172, 0.17548830807209015, 0.1604478508234024, 0.16078174114227295, 0.35439789295196533, 0.21772092580795288, 0.19887851178646088, 0.15022803843021393, 0.0933305025100708, 0.18987418711185455, 0.16705651581287384, 0.10369003564119339, 0.16975198686122894, 0.18424789607524872, 0.12091348320245743, 0.09324683248996735, 0.12320944666862488, 0.10337624698877335, 0.09841925650835037, 0.09601488709449768, 0.07711872458457947, 0.1321038454771042, 0.16308657824993134, 0.10351710021495819, 0.13806681334972382, 0.08398845791816711, 0.0913761705160141, 0.09822036325931549, 0.12273615598678589, 0.10972344875335693, 0.07477330416440964, 0.09223414212465286, 0.05849494785070419, 0.0924568772315979, 0.09513651579618454, 0.07114344835281372, 0.09765064716339111, 0.09020603448152542, 0.6986253261566162, 0.2338344007730484, 0.1487019658088684, 0.13018909096717834] 
