Netz: 784 - 500 - 500 - 500 - 10 
Rang - adaptiv ?: ja außer letzte Layer 
Epochen: 100 
Euler - Schrittweite: 0.2 
SV Trunkierung: tau*norm(Sigma) mit tau = 0.1 
Batch - Size: 600 
Device: cuda 
______________________________________________________________ 
Accuracy: [0.103, 0.1757, 0.2652, 0.4225, 0.7059, 0.7893, 0.847, 0.8756, 0.8584, 0.8608, 0.8951, 0.8992, 0.868, 0.8924, 0.8957, 0.9082, 0.9061, 0.9123, 0.8974, 0.9272, 0.9272, 0.9394, 0.9337, 0.9389, 0.9417, 0.9445, 0.94, 0.9501, 0.9494, 0.9528, 0.9484, 0.9274, 0.9258, 0.9142, 0.9365, 0.9452, 0.9458, 0.9319, 0.95, 0.9511, 0.9508, 0.9528, 0.9512, 0.9532, 0.9472, 0.8812, 0.8739, 0.9298, 0.9315, 0.9378, 0.941, 0.947, 0.9482, 0.9523, 0.955, 0.9481, 0.9536, 0.9558, 0.9538, 0.8551, 0.9195, 0.9435, 0.9519, 0.9537, 0.9572, 0.9576, 0.9576, 0.9559, 0.9529, 0.9446, 0.9497, 0.9555, 0.957, 0.9559, 0.9562, 0.9574, 0.9587, 0.9593, 0.9588, 0.957, 0.9537, 0.961, 0.8206, 0.9374, 0.9468, 0.9496, 0.9557, 0.956, 0.9561, 0.9523, 0.9483, 0.9546, 0.9567, 0.9562, 0.9233, 0.9475, 0.9495, 0.9499, 0.9552, 0.949, 0.9423] 
Trainingsdauer: 944.4367060661316 
Rang Entwicklung Layer 1: [500, 99, 77, 71, 64, 58, 55, 52, 49, 45, 43, 40, 38, 34, 32, 31, 30, 29, 28, 27, 27, 26, 25, 25, 24, 24, 24, 24, 23, 23, 23, 22, 22, 22, 22, 21, 21, 21, 21, 20, 20, 20, 20, 20, 20, 19, 19, 19, 19, 19, 19, 19, 19, 19, 19, 19, 19, 19, 19, 19, 19, 19, 19, 19, 19, 19, 19, 19, 19, 19, 19, 19, 19, 19, 19, 19, 19, 19, 19, 19, 19, 19, 19, 19, 19, 19, 19, 19, 19, 19, 19, 19, 19, 19, 19, 19, 19, 19, 19, 19, 19] 
Rang Entwicklung Layer 2: [500, 79, 74, 70, 66, 62, 60, 58, 58, 54, 52, 52, 50, 47, 45, 45, 45, 44, 43, 43, 42, 42, 41, 40, 40, 39, 39, 38, 38, 37, 37, 37, 36, 35, 35, 34, 33, 32, 32, 31, 31, 31, 30, 30, 30, 30, 29, 29, 28, 28, 28, 27, 27, 27, 27, 27, 27, 27, 26, 26, 25, 25, 25, 25, 25, 25, 25, 25, 25, 25, 25, 24, 24, 24, 24, 24, 24, 24, 24, 23, 23, 23, 23, 23, 23, 23, 23, 23, 23, 23, 23, 23, 23, 23, 23, 23, 23, 23, 23, 23, 23] 
Rang Entwicklung Layer 3: [500, 80, 74, 71, 66, 62, 60, 59, 58, 55, 54, 53, 52, 50, 49, 48, 47, 47, 46, 46, 45, 45, 44, 44, 43, 42, 42, 41, 41, 41, 40, 40, 39, 39, 39, 38, 37, 37, 36, 36, 35, 34, 34, 34, 34, 34, 33, 33, 32, 32, 31, 31, 30, 30, 30, 29, 29, 29, 29, 29, 29, 28, 28, 27, 27, 27, 27, 26, 26, 26, 26, 26, 26, 25, 25, 25, 25, 25, 25, 24, 24, 24, 21, 20, 20, 20, 20, 20, 19, 19, 19, 19, 19, 19, 19, 19, 19, 19, 19, 19, 19] 
Rang Entwicklung Layer 4: [10, 10, 10, 10, 10, 10, 10, 10, 10, 10, 10, 10, 10, 10, 10, 10, 10, 10, 10, 10, 10, 10, 10, 10, 10, 10, 10, 10, 10, 10, 10, 10, 10, 10, 10, 10, 10, 10, 10, 10, 10, 10, 10, 10, 10, 10, 10, 10, 10, 10, 10, 10, 10, 10, 10, 10, 10, 10, 10, 10, 10, 10, 10, 10, 10, 10, 10, 10, 10, 10, 10, 10, 10, 10, 10, 10, 10, 10, 10, 10, 10, 10, 10, 10, 10, 10, 10, 10, 10, 10, 10, 10, 10, 10, 10, 10, 10, 10, 10, 10, 10] 
Loss: [2.2744534015655518, 1.862978458404541, 1.5082988739013672, 0.8857947587966919, 0.666968584060669, 0.4585695266723633, 0.40969425439834595, 0.48996099829673767, 0.4086669981479645, 0.29564908146858215, 0.3128918409347534, 0.6120828986167908, 0.39961230754852295, 0.32303544878959656, 0.29006293416023254, 0.3248366415500641, 0.3054259121417999, 0.3030491769313812, 0.27724331617355347, 0.22154764831066132, 0.2401585578918457, 0.2084207534790039, 0.2210722416639328, 0.17319759726524353, 0.20677442848682404, 0.1559687703847885, 0.1740761399269104, 0.1651083081960678, 0.11930271238088608, 0.18220879137516022, 0.20442017912864685, 0.24261794984340668, 0.22331033647060394, 0.2825167179107666, 0.16217154264450073, 0.14891880750656128, 0.18692021071910858, 0.12711407244205475, 0.15165472030639648, 0.1451299488544464, 0.1264052540063858, 0.12615537643432617, 0.13983240723609924, 0.1597452610731125, 0.43558740615844727, 0.32456067204475403, 0.2275676429271698, 0.26241347193717957, 0.17267963290214539, 0.1518452912569046, 0.190044566988945, 0.20863601565361023, 0.15934215486049652, 0.1425732970237732, 0.1733652949333191, 0.1842159628868103, 0.11893735080957413, 0.12811799347400665, 0.4844885766506195, 0.2619567811489105, 0.17354661226272583, 0.14140240848064423, 0.14983440935611725, 0.10209354013204575, 0.13928432762622833, 0.15259239077568054, 0.09865829348564148, 0.15032130479812622, 0.14681975543498993, 0.14042973518371582, 0.13874424993991852, 0.15229682624340057, 0.13933561742305756, 0.12044695764780045, 0.14317010343074799, 0.14301738142967224, 0.1044507548213005, 0.10999898612499237, 0.1039653792977333, 0.1640382558107376, 0.10130702704191208, 0.6485984325408936, 0.15396031737327576, 0.1370210498571396, 0.13614922761917114, 0.11280235648155212, 0.14912940561771393, 0.13638092577457428, 0.18772834539413452, 0.18019680678844452, 0.09309456497430801, 0.16371595859527588, 0.12472548335790634, 0.23183977603912354, 0.12734699249267578, 0.14947271347045898, 0.18524153530597687, 0.11839868873357773, 0.18121537566184998, 0.1615833342075348] 
