Netz: 784 - 500 - 500 - 500 - 10 
Rang - adaptiv ?: ja außer letzte Layer 
Epochen: 100 
Euler - Schrittweite: 0.2 
SV Trunkierung: tau*norm(Sigma) mit tau = 0.1 
Batch - Size: 600 
Device: cuda 
______________________________________________________________ 
Accuracy: [0.1004, 0.1355, 0.2963, 0.598, 0.6833, 0.76, 0.844, 0.8839, 0.8911, 0.7921, 0.8968, 0.91, 0.8983, 0.9084, 0.9, 0.8509, 0.9114, 0.8551, 0.9225, 0.9267, 0.9302, 0.9341, 0.9352, 0.9405, 0.8303, 0.8754, 0.8933, 0.7943, 0.9023, 0.927, 0.933, 0.9398, 0.9418, 0.9434, 0.9465, 0.9392, 0.9509, 0.9509, 0.9533, 0.947, 0.9535, 0.9553, 0.953, 0.961, 0.9592, 0.9213, 0.9357, 0.9513, 0.9546, 0.9133, 0.9468, 0.9386, 0.9528, 0.9585, 0.9065, 0.8846, 0.938, 0.9321, 0.9466, 0.7406, 0.9376, 0.9363, 0.9533, 0.9487, 0.9335, 0.9352, 0.9373, 0.9493, 0.951, 0.9467, 0.9424, 0.9535, 0.9491, 0.9347, 0.9357, 0.9476, 0.9361, 0.948, 0.9133, 0.9488, 0.938, 0.9238, 0.942, 0.9518, 0.955, 0.9554, 0.9573, 0.9443, 0.9574, 0.9599, 0.9548, 0.9378, 0.9331, 0.8883, 0.8664, 0.9447, 0.9395, 0.9482, 0.9348, 0.9484, 0.946] 
Trainingsdauer: 944.0917265415192 
Rang Entwicklung Layer 1: [500, 99, 76, 70, 63, 59, 53, 51, 49, 47, 45, 43, 42, 39, 39, 35, 32, 31, 29, 27, 26, 26, 24, 24, 22, 22, 22, 21, 21, 21, 21, 21, 21, 21, 21, 21, 21, 21, 21, 21, 21, 21, 21, 21, 21, 21, 21, 21, 21, 21, 21, 21, 21, 21, 21, 21, 21, 21, 21, 21, 21, 21, 21, 21, 21, 21, 21, 21, 21, 21, 21, 21, 21, 21, 21, 21, 21, 21, 21, 21, 21, 21, 21, 21, 21, 21, 21, 21, 21, 21, 21, 21, 21, 21, 21, 21, 21, 21, 21, 21, 21] 
Rang Entwicklung Layer 2: [500, 80, 74, 70, 67, 63, 60, 59, 58, 58, 57, 56, 54, 53, 53, 52, 51, 50, 48, 48, 47, 46, 45, 45, 41, 39, 36, 35, 34, 33, 32, 32, 31, 31, 31, 30, 30, 30, 29, 29, 29, 29, 28, 28, 27, 26, 26, 26, 25, 25, 25, 25, 25, 25, 25, 25, 25, 25, 24, 24, 24, 24, 24, 24, 24, 24, 24, 24, 24, 24, 24, 24, 24, 23, 23, 22, 22, 22, 22, 22, 22, 22, 22, 22, 22, 22, 22, 22, 22, 22, 22, 22, 22, 22, 22, 22, 22, 22, 22, 22, 22] 
Rang Entwicklung Layer 3: [500, 80, 74, 71, 67, 64, 61, 60, 59, 58, 57, 56, 55, 54, 54, 53, 53, 52, 50, 50, 49, 48, 48, 47, 42, 40, 38, 38, 37, 36, 35, 34, 34, 34, 33, 33, 33, 32, 32, 31, 31, 31, 30, 30, 30, 30, 29, 29, 28, 28, 28, 27, 27, 27, 27, 27, 26, 26, 26, 26, 25, 24, 24, 24, 24, 24, 23, 23, 23, 23, 23, 22, 22, 22, 22, 22, 22, 21, 21, 21, 21, 21, 21, 21, 20, 20, 20, 20, 20, 20, 20, 19, 19, 19, 19, 19, 19, 18, 18, 18, 18] 
Rang Entwicklung Layer 4: [10, 10, 10, 10, 10, 10, 10, 10, 10, 10, 10, 10, 10, 10, 10, 10, 10, 10, 10, 10, 10, 10, 10, 10, 10, 10, 10, 10, 10, 10, 10, 10, 10, 10, 10, 10, 10, 10, 10, 10, 10, 10, 10, 10, 10, 10, 10, 10, 10, 10, 10, 10, 10, 10, 10, 10, 10, 10, 10, 10, 10, 10, 10, 10, 10, 10, 10, 10, 10, 10, 10, 10, 10, 10, 10, 10, 10, 10, 10, 10, 10, 10, 10, 10, 10, 10, 10, 10, 10, 10, 10, 10, 10, 10, 10, 10, 10, 10, 10, 10, 10] 
Loss: [2.2889068126678467, 1.8618625402450562, 1.3073844909667969, 0.9980759620666504, 0.8653284907341003, 0.5304901599884033, 0.4768887758255005, 0.41340625286102295, 0.4987550377845764, 0.3657779395580292, 0.29637739062309265, 0.4594798684120178, 0.2882996201515198, 0.4331601560115814, 0.5511947870254517, 0.27526190876960754, 0.6440488696098328, 0.27230900526046753, 0.24382051825523376, 0.21678043901920319, 0.17253021895885468, 0.18368519842624664, 0.2137305736541748, 0.576185941696167, 0.3910776376724243, 0.35413026809692383, 0.46330535411834717, 0.3766935467720032, 0.259488582611084, 0.22275838255882263, 0.16825804114341736, 0.17167596518993378, 0.17221862077713013, 0.135843425989151, 0.24046483635902405, 0.14948169887065887, 0.12645599246025085, 0.19867849349975586, 0.17504529654979706, 0.08999460935592651, 0.12670615315437317, 0.11143665015697479, 0.08521334081888199, 0.11224072426557541, 0.24570497870445251, 0.27838799357414246, 0.13428789377212524, 0.14588767290115356, 0.27927833795547485, 0.1625651866197586, 0.12183833867311478, 0.14509062469005585, 0.16976378858089447, 0.29213619232177734, 0.40250518918037415, 0.1831773817539215, 0.17910705506801605, 0.18711639940738678, 0.9955868721008301, 0.18452684581279755, 0.14396722614765167, 0.13334228098392487, 0.10051894932985306, 0.2408180981874466, 0.2479562908411026, 0.20902590453624725, 0.15633417665958405, 0.20454110205173492, 0.1789764165878296, 0.186948761343956, 0.13200363516807556, 0.15389315783977509, 0.23519422113895416, 0.1605425328016281, 0.17159651219844818, 0.19364359974861145, 0.169473335146904, 0.3049129247665405, 0.1632736325263977, 0.24479296803474426, 0.2695309817790985, 0.2027059942483902, 0.1625586450099945, 0.13029524683952332, 0.1353573501110077, 0.11062679439783096, 0.17371095716953278, 0.13745847344398499, 0.12004436552524567, 0.16972094774246216, 0.20499302446842194, 0.2729814350605011, 0.5384626388549805, 0.2604445517063141, 0.16080421209335327, 0.18360190093517303, 0.21948814392089844, 0.20351362228393555, 0.13954375684261322, 0.19672060012817383] 
