Netz: 784 - 500 - 500 - 500 - 10 
Rang - adaptiv ?: ja außer letzte Layer 
Epochen: 100 
Euler - Schrittweite: 0.2 
SV Trunkierung: tau*norm(Sigma) mit tau = 0.1 
Batch - Size: 600 
Device: cuda 
______________________________________________________________ 
Accuracy: [0.0702, 0.1137, 0.2099, 0.4384, 0.7024, 0.8388, 0.8434, 0.8711, 0.8917, 0.9052, 0.9061, 0.9225, 0.9014, 0.9296, 0.9338, 0.9363, 0.9369, 0.9367, 0.9037, 0.9187, 0.9332, 0.9398, 0.9179, 0.5871, 0.879, 0.8915, 0.914, 0.9258, 0.9297, 0.9213, 0.9365, 0.8034, 0.9294, 0.9357, 0.9394, 0.9422, 0.9471, 0.9496, 0.9519, 0.951, 0.9469, 0.9509, 0.9526, 0.9541, 0.9559, 0.9571, 0.9595, 0.9571, 0.9576, 0.9588, 0.9616, 0.9616, 0.9597, 0.9576, 0.9607, 0.9618, 0.9634, 0.957, 0.9069, 0.8267, 0.9318, 0.9439, 0.9092, 0.939, 0.9421, 0.9317, 0.9444, 0.9486, 0.9506, 0.9531, 0.9578, 0.9585, 0.9494, 0.9572, 0.9499, 0.9193, 0.9262, 0.9479, 0.9525, 0.9237, 0.9544, 0.9573, 0.9572, 0.9592, 0.9582, 0.9587, 0.9561, 0.9585, 0.9584, 0.9613, 0.9573, 0.9597, 0.9599, 0.9628, 0.1553, 0.9347, 0.9409, 0.9472, 0.9322, 0.951, 0.9527] 
Trainingsdauer: 945.9530508518219 
Rang Entwicklung Layer 1: [500, 99, 78, 73, 65, 60, 57, 53, 51, 49, 46, 45, 43, 41, 40, 39, 38, 36, 35, 33, 32, 32, 31, 29, 25, 23, 23, 23, 22, 21, 21, 20, 20, 20, 20, 20, 20, 20, 20, 20, 20, 20, 20, 20, 20, 20, 20, 20, 20, 20, 20, 19, 19, 19, 19, 19, 19, 19, 19, 19, 19, 19, 19, 19, 19, 19, 19, 19, 19, 19, 19, 19, 19, 19, 19, 19, 19, 19, 19, 19, 19, 19, 19, 19, 19, 19, 19, 19, 19, 19, 19, 19, 19, 19, 19, 19, 19, 19, 19, 19, 19] 
Rang Entwicklung Layer 2: [500, 80, 75, 72, 67, 64, 62, 60, 58, 57, 56, 55, 54, 53, 52, 51, 51, 50, 50, 49, 48, 48, 47, 47, 44, 43, 42, 40, 40, 39, 39, 38, 38, 37, 36, 36, 36, 35, 35, 34, 34, 34, 33, 33, 33, 32, 32, 31, 31, 31, 30, 30, 29, 29, 29, 29, 28, 28, 28, 27, 27, 27, 27, 26, 26, 26, 26, 26, 26, 26, 26, 26, 26, 26, 26, 26, 25, 25, 25, 25, 25, 24, 24, 24, 23, 23, 23, 23, 23, 23, 23, 23, 23, 23, 23, 23, 23, 23, 23, 23, 23] 
Rang Entwicklung Layer 3: [500, 80, 74, 72, 67, 64, 62, 60, 59, 58, 57, 56, 55, 55, 54, 53, 52, 52, 51, 51, 50, 49, 49, 49, 47, 46, 45, 44, 43, 42, 42, 41, 41, 40, 39, 38, 38, 38, 37, 37, 36, 36, 36, 35, 35, 35, 35, 34, 34, 34, 34, 33, 33, 32, 31, 31, 31, 31, 31, 31, 31, 31, 30, 30, 30, 29, 29, 29, 29, 28, 28, 27, 27, 27, 27, 27, 26, 26, 26, 26, 26, 26, 26, 25, 25, 25, 25, 24, 24, 24, 24, 24, 23, 23, 23, 23, 22, 22, 22, 22, 22] 
Rang Entwicklung Layer 4: [10, 10, 10, 10, 10, 10, 10, 10, 10, 10, 10, 10, 10, 10, 10, 10, 10, 10, 10, 10, 10, 10, 10, 10, 10, 10, 10, 10, 10, 10, 10, 10, 10, 10, 10, 10, 10, 10, 10, 10, 10, 10, 10, 10, 10, 10, 10, 10, 10, 10, 10, 10, 10, 10, 10, 10, 10, 10, 10, 10, 10, 10, 10, 10, 10, 10, 10, 10, 10, 10, 10, 10, 10, 10, 10, 10, 10, 10, 10, 10, 10, 10, 10, 10, 10, 10, 10, 10, 10, 10, 10, 10, 10, 10, 10, 10, 10, 10, 10, 10, 10] 
Loss: [2.293736219406128, 2.1679511070251465, 1.6481355428695679, 0.8796723484992981, 0.6319833993911743, 0.46669429540634155, 0.3923006057739258, 0.33873024582862854, 0.31388941407203674, 0.31892722845077515, 0.24470606446266174, 0.2907036244869232, 0.24115382134914398, 0.20807625353336334, 0.25919854640960693, 0.19257670640945435, 0.20127533376216888, 0.32237812876701355, 0.2660622000694275, 0.19472132623195648, 0.19107863306999207, 0.2876732051372528, 1.4244569540023804, 0.3741353750228882, 0.4530119299888611, 0.34654340147972107, 0.24417127668857574, 0.23265427350997925, 0.22697743773460388, 0.2203497588634491, 0.4287506639957428, 0.2276208996772766, 0.15067163109779358, 0.19524754583835602, 0.16131724417209625, 0.16906245052814484, 0.10915990173816681, 0.13344480097293854, 0.1343311220407486, 0.18550331890583038, 0.19098921120166779, 0.15190699696540833, 0.12504880130290985, 0.10929708182811737, 0.11764342337846756, 0.10435787588357925, 0.08256343752145767, 0.08889494091272354, 0.13810032606124878, 0.1030174121260643, 0.09642700850963593, 0.09418702125549316, 0.1295202523469925, 0.10380811244249344, 0.12166735529899597, 0.08694647997617722, 0.11913911253213882, 0.3749088644981384, 0.5818502306938171, 0.18499159812927246, 0.18044254183769226, 0.2721378207206726, 0.15483328700065613, 0.14291074872016907, 0.18980282545089722, 0.20242084562778473, 0.1736925095319748, 0.10335157066583633, 0.11890103667974472, 0.13642343878746033, 0.09097657352685928, 0.09666475653648376, 0.10847797244787216, 0.10054684430360794, 0.2654709219932556, 0.2238592803478241, 0.19704020023345947, 0.14588603377342224, 0.23424091935157776, 0.12059496343135834, 0.0944276973605156, 0.13137878477573395, 0.09497620910406113, 0.09054654091596603, 0.14202143251895905, 0.08245079964399338, 0.08334194868803024, 0.1197446957230568, 0.09202364087104797, 0.10934300720691681, 0.09791215509176254, 0.096597820520401, 0.14192762970924377, 3.337244987487793, 0.28498518466949463, 0.233832448720932, 0.16518250107765198, 0.23643526434898376, 0.18589067459106445, 0.16028502583503723] 
