Netz: 784 - 500 - 500 - 500 - 10 
Rang - adaptiv ?: ja außer letzte Layer 
Epochen: 100 
Euler - Schrittweite: 0.2 
SV Trunkierung: tau*norm(Sigma) mit tau = 0.1 
Batch - Size: 600 
Device: cuda 
______________________________________________________________ 
Accuracy: [0.0998, 0.1959, 0.3156, 0.5329, 0.5517, 0.7916, 0.7856, 0.8748, 0.8875, 0.911, 0.8384, 0.861, 0.9049, 0.9168, 0.9295, 0.9224, 0.9404, 0.9406, 0.9455, 0.9467, 0.9347, 0.9387, 0.95, 0.9366, 0.9488, 0.951, 0.9486, 0.9469, 0.9434, 0.956, 0.9545, 0.9546, 0.26, 0.8367, 0.9205, 0.9379, 0.944, 0.9457, 0.9492, 0.9513, 0.9464, 0.9444, 0.9515, 0.9351, 0.9495, 0.9473, 0.9533, 0.956, 0.9594, 0.958, 0.9587, 0.9606, 0.9522, 0.9267, 0.9446, 0.9565, 0.9503, 0.9506, 0.951, 0.9557, 0.9545, 0.9548, 0.9582, 0.9587, 0.9593, 0.9441, 0.9514, 0.9586, 0.8983, 0.9317, 0.941, 0.9463, 0.9492, 0.9545, 0.9544, 0.9582, 0.9578, 0.9582, 0.9628, 0.9622, 0.9571, 0.9611, 0.9627, 0.9559, 0.9566, 0.9341, 0.9549, 0.9377, 0.9337, 0.8775, 0.9202, 0.9457, 0.9496, 0.8508, 0.8912, 0.9075, 0.9297, 0.9431, 0.9437, 0.9503, 0.9511] 
Trainingsdauer: 942.5288155078888 
Rang Entwicklung Layer 1: [500, 98, 76, 71, 66, 61, 58, 53, 50, 48, 45, 41, 40, 38, 38, 37, 35, 35, 34, 32, 32, 30, 29, 28, 27, 26, 25, 25, 24, 24, 24, 24, 24, 22, 22, 22, 21, 21, 21, 21, 21, 21, 20, 20, 20, 20, 20, 20, 20, 20, 20, 20, 20, 20, 20, 20, 20, 20, 20, 20, 19, 19, 19, 19, 19, 19, 19, 19, 20, 20, 20, 20, 20, 19, 19, 19, 19, 19, 19, 19, 19, 19, 19, 19, 19, 19, 19, 19, 19, 19, 19, 19, 19, 19, 19, 19, 19, 19, 19, 19, 19] 
Rang Entwicklung Layer 2: [500, 80, 73, 70, 67, 64, 62, 60, 59, 57, 57, 55, 54, 53, 52, 52, 51, 50, 50, 49, 49, 48, 47, 47, 46, 45, 45, 44, 43, 43, 42, 42, 42, 40, 40, 39, 38, 38, 37, 37, 36, 36, 36, 35, 35, 34, 34, 34, 33, 33, 32, 32, 31, 31, 31, 30, 30, 30, 29, 29, 28, 28, 28, 28, 28, 28, 27, 27, 27, 26, 26, 26, 25, 25, 24, 24, 24, 24, 24, 24, 23, 23, 23, 23, 23, 23, 23, 22, 22, 21, 21, 21, 21, 21, 21, 21, 21, 21, 21, 21, 21] 
Rang Entwicklung Layer 3: [500, 80, 74, 71, 67, 65, 63, 60, 58, 58, 57, 57, 56, 55, 54, 53, 52, 52, 51, 50, 50, 49, 48, 48, 48, 47, 46, 46, 46, 45, 45, 44, 44, 44, 44, 43, 43, 42, 42, 41, 41, 41, 40, 40, 40, 39, 39, 39, 38, 38, 38, 38, 38, 37, 36, 36, 35, 35, 35, 35, 35, 35, 34, 34, 33, 33, 33, 33, 33, 33, 33, 32, 32, 32, 32, 32, 31, 31, 30, 30, 30, 29, 29, 29, 29, 29, 29, 29, 29, 29, 29, 28, 28, 27, 26, 25, 25, 24, 24, 24, 23] 
Rang Entwicklung Layer 4: [10, 10, 10, 10, 10, 10, 10, 10, 10, 10, 10, 10, 10, 10, 10, 10, 10, 10, 10, 10, 10, 10, 10, 10, 10, 10, 10, 10, 10, 10, 10, 10, 10, 10, 10, 10, 10, 10, 10, 10, 10, 10, 10, 10, 10, 10, 10, 10, 10, 10, 10, 10, 10, 10, 10, 10, 10, 10, 10, 10, 10, 10, 10, 10, 10, 10, 10, 10, 10, 10, 10, 10, 10, 10, 10, 10, 10, 10, 10, 10, 10, 10, 10, 10, 10, 10, 10, 10, 10, 10, 10, 10, 10, 10, 10, 10, 10, 10, 10, 10, 10] 
Loss: [2.2881243228912354, 1.819129228591919, 1.2832770347595215, 1.128368854522705, 0.6780834197998047, 0.603921115398407, 0.43298324942588806, 0.4318092465400696, 0.2868330776691437, 0.501710832118988, 0.4662117660045624, 0.38931751251220703, 0.2632448077201843, 0.2231120616197586, 0.206944078207016, 0.1696462333202362, 0.1651875078678131, 0.15766237676143646, 0.14293316006660461, 0.15347914397716522, 0.17595422267913818, 0.1762688159942627, 0.2032487541437149, 0.171878382563591, 0.1722576767206192, 0.14472055435180664, 0.17190489172935486, 0.20594626665115356, 0.15070655941963196, 0.12458666414022446, 0.17226473987102509, 7.792206287384033, 0.5490386486053467, 0.25925034284591675, 0.21741259098052979, 0.1830059438943863, 0.15171846747398376, 0.1384928673505783, 0.20369376242160797, 0.17296534776687622, 0.16945122182369232, 0.14054399728775024, 0.23453165590763092, 0.15172182023525238, 0.15667277574539185, 0.11706681549549103, 0.17554183304309845, 0.14406046271324158, 0.12516288459300995, 0.13315419852733612, 0.14417870342731476, 0.13816727697849274, 0.20683647692203522, 0.20635539293289185, 0.17387141287326813, 0.1315966546535492, 0.15923547744750977, 0.13659507036209106, 0.141248419880867, 0.10565261542797089, 0.1252446174621582, 0.09046948701143265, 0.11745303124189377, 0.1287522166967392, 0.16440294682979584, 0.15936340391635895, 0.10839186608791351, 0.3522757589817047, 0.15550579130649567, 0.21209567785263062, 0.14874035120010376, 0.14783354103565216, 0.16316351294517517, 0.11604003608226776, 0.06326060742139816, 0.08742005378007889, 0.09594377130270004, 0.12843361496925354, 0.14055533707141876, 0.14458082616329193, 0.09346507489681244, 0.10484042763710022, 0.11898620426654816, 0.13503475487232208, 0.24282875657081604, 0.15667138993740082, 0.19563263654708862, 0.20738662779331207, 0.4275011122226715, 0.2720201909542084, 0.1871841847896576, 0.19574099779129028, 0.48618072271347046, 0.3531663119792938, 0.2977876663208008, 0.2380993664264679, 0.1599588245153427, 0.23276937007904053, 0.17811746895313263, 0.15939031541347504] 
