Netz: 784 - 500 - 500 - 500 - 10 
Rang - adaptiv ?: ja außer letzte Layer 
Epochen: 100 
Euler - Schrittweite: 0.2 
SV Trunkierung: tau*norm(Sigma) mit tau = 0.1 
Batch - Size: 600 
Device: cuda 
______________________________________________________________ 
Accuracy: [0.0938, 0.2428, 0.2956, 0.4852, 0.5975, 0.8269, 0.8638, 0.8805, 0.8447, 0.8837, 0.8956, 0.8733, 0.8982, 0.797, 0.8934, 0.8972, 0.9115, 0.9193, 0.9201, 0.9259, 0.9341, 0.9331, 0.9353, 0.8936, 0.9274, 0.9106, 0.8984, 0.9022, 0.9171, 0.9317, 0.9356, 0.9316, 0.9391, 0.934, 0.9459, 0.9501, 0.9525, 0.9479, 0.9528, 0.9549, 0.9552, 0.9223, 0.9417, 0.9369, 0.9431, 0.9496, 0.9473, 0.8843, 0.9469, 0.9501, 0.9517, 0.955, 0.9413, 0.9576, 0.9555, 0.9586, 0.9604, 0.9609, 0.9612, 0.9638, 0.9624, 0.9627, 0.8092, 0.9289, 0.937, 0.6999, 0.9296, 0.9446, 0.9485, 0.9541, 0.9581, 0.9583, 0.96, 0.9607, 0.9625, 0.9627, 0.9654, 0.9615, 0.9659, 0.9654, 0.9647, 0.9672, 0.9667, 0.9507, 0.948, 0.957, 0.9554, 0.9522, 0.9577, 0.957, 0.9559, 0.9469, 0.9443, 0.9521, 0.9416, 0.9505, 0.9559, 0.9595, 0.9475, 0.9526, 0.9561] 
Trainingsdauer: 936.3393168449402 
Rang Entwicklung Layer 1: [500, 99, 76, 71, 65, 60, 57, 55, 50, 47, 45, 43, 40, 37, 34, 32, 32, 31, 30, 30, 29, 28, 28, 25, 25, 24, 24, 23, 23, 23, 23, 23, 22, 22, 21, 21, 21, 21, 21, 21, 20, 20, 20, 20, 20, 20, 20, 20, 20, 20, 20, 20, 20, 20, 20, 20, 20, 20, 20, 20, 20, 20, 21, 21, 21, 21, 20, 20, 20, 20, 20, 20, 20, 20, 20, 20, 20, 20, 20, 20, 20, 20, 20, 20, 20, 20, 20, 20, 20, 20, 20, 20, 20, 20, 20, 20, 20, 20, 20, 20, 20] 
Rang Entwicklung Layer 2: [500, 80, 74, 71, 67, 64, 62, 61, 59, 57, 56, 55, 53, 52, 50, 50, 48, 48, 47, 46, 45, 45, 44, 41, 40, 39, 38, 37, 36, 36, 35, 35, 35, 34, 34, 33, 33, 33, 33, 33, 33, 32, 32, 31, 31, 31, 30, 30, 30, 30, 29, 29, 28, 28, 28, 28, 28, 27, 27, 26, 26, 26, 26, 26, 26, 25, 25, 25, 25, 25, 25, 25, 25, 24, 24, 24, 24, 23, 23, 23, 23, 23, 23, 23, 23, 23, 23, 23, 23, 23, 23, 23, 23, 23, 23, 23, 23, 23, 23, 23, 23] 
Rang Entwicklung Layer 3: [500, 80, 73, 71, 67, 64, 62, 61, 59, 58, 57, 56, 55, 55, 53, 52, 51, 50, 50, 49, 48, 48, 47, 43, 42, 42, 41, 40, 40, 39, 39, 38, 38, 37, 37, 36, 36, 36, 36, 35, 35, 35, 35, 34, 34, 33, 33, 33, 32, 32, 32, 31, 31, 30, 30, 30, 29, 29, 28, 28, 28, 28, 28, 28, 27, 27, 27, 26, 26, 25, 25, 25, 25, 24, 24, 24, 24, 24, 23, 23, 23, 23, 23, 23, 23, 23, 23, 22, 22, 22, 21, 21, 21, 21, 21, 21, 21, 21, 21, 21, 21] 
Rang Entwicklung Layer 4: [10, 10, 10, 10, 10, 10, 10, 10, 10, 10, 10, 10, 10, 10, 10, 10, 10, 10, 10, 10, 10, 10, 10, 10, 10, 10, 10, 10, 10, 10, 10, 10, 10, 10, 10, 10, 10, 10, 10, 10, 10, 10, 10, 10, 10, 10, 10, 10, 10, 10, 10, 10, 10, 10, 10, 10, 10, 10, 10, 10, 10, 10, 10, 10, 10, 10, 10, 10, 10, 10, 10, 10, 10, 10, 10, 10, 10, 10, 10, 10, 10, 10, 10, 10, 10, 10, 10, 10, 10, 10, 10, 10, 10, 10, 10, 10, 10, 10, 10, 10, 10] 
Loss: [2.2705893516540527, 1.8053582906723022, 1.3945788145065308, 0.9263173341751099, 0.5664428472518921, 0.49698394536972046, 0.4803864061832428, 0.610561192035675, 0.4423255920410156, 0.3084549903869629, 0.4126189947128296, 0.32659605145454407, 0.6423319578170776, 0.35129958391189575, 0.35834649205207825, 0.3395645022392273, 0.24727976322174072, 0.18904542922973633, 0.24963422119617462, 0.2630130648612976, 0.20892277359962463, 0.18726319074630737, 0.3858186602592468, 0.2063407152891159, 0.3437138497829437, 0.3243085443973541, 0.2579697370529175, 0.3304090201854706, 0.22906552255153656, 0.17978696525096893, 0.210531085729599, 0.24892789125442505, 0.20792853832244873, 0.16249313950538635, 0.20599792897701263, 0.12496424466371536, 0.15095055103302002, 0.1502351313829422, 0.14255724847316742, 0.17976407706737518, 0.22407250106334686, 0.22349746525287628, 0.22797437012195587, 0.17973338067531586, 0.14326906204223633, 0.15309393405914307, 0.15320134162902832, 0.1700509637594223, 0.2053629606962204, 0.14879083633422852, 0.13488125801086426, 0.17246997356414795, 0.12728284299373627, 0.10791280120611191, 0.10800793766975403, 0.10862650722265244, 0.09228005260229111, 0.10054252296686172, 0.08013447374105453, 0.11819072812795639, 0.10736723244190216, 0.58393794298172, 0.18169832229614258, 0.17088893055915833, 1.5520706176757812, 0.2615187466144562, 0.16964229941368103, 0.16947060823440552, 0.13820527493953705, 0.1062099039554596, 0.13874252140522003, 0.15289989113807678, 0.07543455064296722, 0.08808313310146332, 0.12148679047822952, 0.0722041055560112, 0.10037066042423248, 0.10114416480064392, 0.07744819670915604, 0.10980042815208435, 0.0553666427731514, 0.06609846651554108, 0.15723863244056702, 0.12022047489881516, 0.14409618079662323, 0.13100947439670563, 0.17185433208942413, 0.0893433690071106, 0.08797647804021835, 0.1461542248725891, 0.21000036597251892, 0.12986446917057037, 0.18867963552474976, 0.16836275160312653, 0.17871487140655518, 0.09567722678184509, 0.09079035371541977, 0.16397440433502197, 0.16845564544200897, 0.07778287678956985] 
