Netz: 784 - 500 - 500 - 500 - 10 
Rang - adaptiv ?: ja außer letzte Layer 
Epochen: 250 
Euler - Schrittweite: 0.2 
SV Trunkierung: tau*norm(Sigma) mit tau = 0.05 
Batch - Size: 600 
Device: cuda 
______________________________________________________________ 
Accuracy: [0.0806, 0.2857, 0.4786, 0.7719, 0.8308, 0.8612, 0.8516, 0.8991, 0.9146, 0.8893, 0.9233, 0.9345, 0.9359, 0.9404, 0.9392, 0.9337, 0.9383, 0.9349, 0.9422, 0.9362, 0.9191, 0.931, 0.9303, 0.8259, 0.906, 0.9336, 0.932, 0.8852, 0.9269, 0.9309, 0.9321, 0.9402, 0.95, 0.9497, 0.9388, 0.9505, 0.9077, 0.9287, 0.8718, 0.9382, 0.9409, 0.9478, 0.9484, 0.9534, 0.9541, 0.9547, 0.9575, 0.9579, 0.9484, 0.7277, 0.4679, 0.9563, 0.9546, 0.9571, 0.9559, 0.9451, 0.932, 0.9495, 0.9537, 0.9051, 0.9424, 0.9393, 0.951, 0.9567, 0.9568, 0.9597, 0.9573, 0.9596, 0.9621, 0.9439, 0.9466, 0.9454, 0.952, 0.9555, 0.9396, 0.9517, 0.9451, 0.955, 0.9571, 0.9563, 0.9568, 0.9589, 0.959, 0.9552, 0.9628, 0.9613, 0.9642, 0.9651, 0.9623, 0.963, 0.944, 0.9522, 0.9557, 0.9593, 0.9617, 0.9528, 0.9561, 0.9557, 0.9635, 0.9648, 0.9623, 0.9623, 0.9609, 0.9592, 0.9632, 0.9643, 0.9536, 0.9625, 0.9646, 0.9646, 0.9694, 0.967, 0.967, 0.9661, 0.9676, 0.966, 0.9669, 0.9607, 0.9657, 0.969, 0.9676, 0.9672, 0.9673, 0.9704, 0.9706, 0.9656, 0.9687, 0.9665, 0.9663, 0.9691, 0.9681, 0.9713, 0.97, 0.9673, 0.9703, 0.971, 0.9674, 0.9625, 0.9661, 0.9651, 0.966, 0.9662, 0.966, 0.969, 0.9712, 0.9704, 0.9701, 0.9701, 0.9634, 0.9526, 0.9639, 0.9439, 0.9598, 0.9631, 0.9647, 0.9684, 0.9697, 0.9696, 0.9717, 0.9678, 0.9676, 0.9657, 0.9699, 0.9694, 0.967, 0.9678, 0.9698, 0.9672, 0.9691, 0.9667, 0.535, 0.96, 0.964, 0.9657, 0.9631, 0.9673, 0.9674, 0.9678, 0.9685, 0.9672, 0.9673, 0.9645, 0.9653, 0.9688, 0.9667, 0.968, 0.972, 0.9704, 0.9689, 0.9672, 0.9722, 0.972, 0.9721, 0.9713, 0.9715, 0.974, 0.9729, 0.9733, 0.9736, 0.9738, 0.9737, 0.9738, 0.9725, 0.9736, 0.9724, 0.9743, 0.9749, 0.9756, 0.9747, 0.9748, 0.973, 0.9731, 0.9705, 0.9754, 0.9749, 0.8967, 0.9504, 0.9571, 0.9579, 0.9513, 0.9566, 0.9592, 0.9656, 0.9679, 0.9701, 0.9715, 0.9718, 0.9717, 0.9696, 0.9693, 0.9688, 0.9698, 0.968, 0.9716, 0.9685, 0.9658, 0.949, 0.9612, 0.9646, 0.9641, 0.9669, 0.9454, 0.9567, 0.9632, 0.9675, 0.9683, 0.9709, 0.971, 0.9716, 0.9719, 0.9726] 
Trainingsdauer: 3825.5981554985046 
Rang Entwicklung Layer 1: [500, 254, 205, 199, 192, 189, 183, 180, 179, 176, 173, 171, 171, 169, 166, 165, 163, 162, 161, 159, 154, 153, 152, 150, 145, 144, 144, 141, 138, 137, 136, 135, 134, 132, 131, 130, 125, 122, 122, 119, 118, 117, 116, 115, 114, 114, 113, 112, 111, 110, 107, 106, 105, 105, 104, 104, 101, 101, 100, 99, 97, 96, 95, 94, 94, 94, 94, 93, 93, 91, 90, 89, 88, 88, 87, 87, 86, 86, 85, 85, 84, 84, 84, 83, 82, 81, 81, 81, 81, 81, 78, 78, 77, 77, 77, 75, 75, 75, 74, 74, 74, 74, 74, 74, 74, 74, 73, 72, 72, 72, 72, 72, 72, 72, 72, 71, 71, 70, 70, 70, 70, 70, 70, 70, 70, 70, 69, 68, 68, 68, 68, 68, 68, 68, 68, 68, 68, 67, 67, 66, 66, 66, 66, 66, 66, 66, 66, 66, 66, 66, 66, 64, 64, 63, 63, 63, 63, 63, 63, 63, 63, 63, 63, 63, 62, 62, 62, 62, 62, 62, 62, 60, 59, 59, 59, 59, 59, 59, 59, 59, 59, 59, 59, 59, 59, 59, 59, 59, 59, 59, 59, 59, 59, 59, 59, 59, 59, 59, 59, 59, 59, 59, 59, 59, 59, 59, 59, 59, 58, 58, 58, 58, 58, 58, 58, 58, 58, 58, 58, 58, 58, 58, 57, 57, 57, 57, 57, 57, 57, 57, 57, 57, 57, 57, 57, 57, 56, 56, 56, 56, 56, 56, 56, 56, 56, 56, 56, 56, 56, 56, 56] 
Rang Entwicklung Layer 2: [500, 207, 190, 184, 181, 179, 177, 175, 174, 173, 171, 170, 169, 169, 169, 168, 168, 167, 167, 166, 165, 164, 163, 162, 160, 160, 159, 158, 157, 156, 155, 155, 154, 153, 152, 151, 151, 149, 148, 148, 147, 146, 146, 144, 144, 143, 143, 142, 141, 141, 141, 140, 140, 140, 139, 139, 139, 138, 138, 137, 137, 136, 136, 135, 135, 134, 134, 134, 133, 132, 131, 131, 131, 131, 129, 129, 129, 128, 128, 128, 128, 127, 127, 127, 127, 126, 126, 125, 124, 124, 123, 123, 123, 123, 123, 123, 123, 123, 123, 122, 121, 121, 121, 121, 121, 121, 120, 120, 120, 120, 120, 120, 120, 120, 120, 119, 119, 119, 119, 119, 119, 119, 119, 118, 118, 118, 118, 118, 118, 118, 117, 117, 117, 117, 117, 117, 117, 117, 117, 117, 117, 117, 117, 116, 116, 115, 115, 115, 115, 115, 115, 114, 114, 114, 114, 114, 113, 113, 113, 113, 113, 113, 113, 112, 112, 112, 112, 112, 111, 111, 110, 109, 109, 109, 109, 109, 109, 109, 109, 109, 109, 109, 109, 108, 108, 108, 108, 108, 108, 107, 107, 106, 106, 106, 106, 105, 105, 105, 105, 105, 104, 104, 104, 104, 104, 103, 103, 103, 103, 103, 103, 103, 103, 103, 103, 102, 101, 101, 100, 100, 100, 100, 100, 100, 99, 99, 99, 99, 99, 99, 99, 99, 98, 98, 98, 98, 98, 98, 98, 98, 97, 97, 97, 96, 96, 96, 96, 96, 96, 96, 96] 
Rang Entwicklung Layer 3: [500, 208, 190, 185, 182, 179, 178, 176, 175, 173, 172, 172, 171, 170, 170, 169, 169, 169, 168, 167, 167, 167, 167, 166, 165, 164, 164, 163, 162, 162, 161, 160, 160, 159, 159, 158, 158, 157, 156, 155, 154, 154, 154, 153, 153, 153, 151, 151, 150, 150, 150, 150, 149, 149, 149, 149, 149, 149, 148, 148, 147, 147, 146, 146, 145, 145, 144, 144, 144, 144, 144, 143, 143, 142, 142, 142, 141, 141, 141, 140, 140, 140, 140, 139, 139, 138, 137, 137, 137, 137, 137, 137, 137, 136, 136, 136, 136, 136, 136, 135, 135, 135, 134, 134, 134, 134, 134, 134, 134, 134, 133, 133, 133, 133, 133, 133, 133, 133, 133, 132, 132, 132, 132, 132, 132, 132, 132, 131, 131, 130, 130, 130, 130, 130, 130, 130, 130, 130, 130, 129, 129, 129, 129, 129, 129, 128, 128, 128, 127, 127, 127, 127, 127, 127, 127, 127, 127, 127, 127, 127, 127, 127, 127, 127, 127, 127, 127, 127, 126, 126, 126, 126, 126, 126, 126, 125, 125, 125, 125, 125, 125, 125, 125, 124, 124, 124, 124, 124, 123, 123, 123, 123, 123, 122, 122, 122, 122, 121, 121, 121, 121, 120, 120, 120, 120, 120, 120, 120, 120, 120, 120, 119, 119, 119, 119, 118, 118, 118, 117, 117, 117, 116, 116, 116, 116, 115, 115, 115, 115, 115, 115, 115, 115, 115, 115, 115, 114, 114, 114, 114, 113, 113, 113, 113, 113, 113, 113, 113, 113, 113, 113] 
Rang Entwicklung Layer 4: [10, 10, 10, 10, 10, 10, 10, 10, 10, 10, 10, 10, 10, 10, 10, 10, 10, 10, 10, 10, 10, 10, 10, 10, 10, 10, 10, 10, 10, 10, 10, 10, 10, 10, 10, 10, 10, 10, 10, 10, 10, 10, 10, 10, 10, 10, 10, 10, 10, 10, 10, 10, 10, 10, 10, 10, 10, 10, 10, 10, 10, 10, 10, 10, 10, 10, 10, 10, 10, 10, 10, 10, 10, 10, 10, 10, 10, 10, 10, 10, 10, 10, 10, 10, 10, 10, 10, 10, 10, 10, 10, 10, 10, 10, 10, 10, 10, 10, 10, 10, 10, 10, 10, 10, 10, 10, 10, 10, 10, 10, 10, 10, 10, 10, 10, 10, 10, 10, 10, 10, 10, 10, 10, 10, 10, 10, 10, 10, 10, 10, 10, 10, 10, 10, 10, 10, 10, 10, 10, 10, 10, 10, 10, 10, 10, 10, 10, 10, 10, 10, 10, 10, 10, 10, 10, 10, 10, 10, 10, 10, 10, 10, 10, 10, 10, 10, 10, 10, 10, 10, 10, 10, 10, 10, 10, 10, 10, 10, 10, 10, 10, 10, 10, 10, 10, 10, 10, 10, 10, 10, 10, 10, 10, 10, 10, 10, 10, 10, 10, 10, 10, 10, 10, 10, 10, 10, 10, 10, 10, 10, 10, 10, 10, 10, 10, 10, 10, 10, 10, 10, 10, 10, 10, 10, 10, 10, 10, 10, 10, 10, 10, 10, 10, 10, 10, 10, 10, 10, 10, 10, 10, 10, 10, 10, 10, 10, 10, 10, 10, 10, 10] 
Loss: [2.1763200759887695, 1.4667383432388306, 0.7435539960861206, 0.530413806438446, 0.48015904426574707, 0.5503249168395996, 0.30747827887535095, 0.38428014516830444, 0.3952319324016571, 0.2515144646167755, 0.17370183765888214, 0.23323722183704376, 0.18303659558296204, 0.19448599219322205, 0.1543179154396057, 0.20343802869319916, 0.19899404048919678, 0.20156431198120117, 0.17362146079540253, 0.3462953269481659, 0.23126386106014252, 0.2310461699962616, 0.9599611163139343, 0.29943040013313293, 0.22109059989452362, 0.22267061471939087, 0.2983655035495758, 0.22482798993587494, 0.24744217097759247, 0.22281789779663086, 0.16480450332164764, 0.21411460638046265, 0.16972841322422028, 0.16099874675273895, 0.18127761781215668, 0.277410626411438, 0.2528989315032959, 0.41830193996429443, 0.15871046483516693, 0.13909630477428436, 0.19591549038887024, 0.13205480575561523, 0.1437665969133377, 0.17727865278720856, 0.14856144785881042, 0.13493725657463074, 0.1448865830898285, 0.18640470504760742, 1.0980862379074097, 1.363721251487732, 0.16042675077915192, 0.11328643560409546, 0.11552440375089645, 0.13456983864307404, 0.24119392037391663, 0.2217579185962677, 0.12684376537799835, 0.12577050924301147, 0.31651806831359863, 0.12113814055919647, 0.234745591878891, 0.1268695443868637, 0.1347149759531021, 0.14476528763771057, 0.08085251599550247, 0.09288705140352249, 0.09849546104669571, 0.0996347963809967, 0.14303602278232574, 0.21478602290153503, 0.15964902937412262, 0.10527379810810089, 0.13830409944057465, 0.1666954606771469, 0.12517671287059784, 0.16655009984970093, 0.1276930570602417, 0.13930100202560425, 0.11472410708665848, 0.12014719843864441, 0.10364283621311188, 0.08965697139501572, 0.12365373224020004, 0.1062079444527626, 0.07767195999622345, 0.0798078402876854, 0.04951393976807594, 0.09047415107488632, 0.06109078601002693, 0.12323474884033203, 0.14995238184928894, 0.11789984256029129, 0.1172994002699852, 0.0956675186753273, 0.12508460879325867, 0.1185755506157875, 0.1694069504737854, 0.11348288506269455, 0.06579335778951645, 0.07741596549749374, 0.11617052555084229, 0.09650659561157227, 0.09583126753568649, 0.07592710852622986, 0.0973745808005333, 0.10127685219049454, 0.09263927489519119, 0.06727766245603561, 0.10157561302185059, 0.05575576797127724, 0.07831861823797226, 0.07717962563037872, 0.08836866170167923, 0.0742940902709961, 0.09509950876235962, 0.09991132467985153, 0.11183492094278336, 0.057153720408678055, 0.08495497703552246, 0.09333933144807816, 0.08687125146389008, 0.08955151587724686, 0.07297149300575256, 0.04923703894019127, 0.07573890686035156, 0.048585571348667145, 0.06024019792675972, 0.06438935548067093, 0.07088278979063034, 0.08532825112342834, 0.04552552103996277, 0.10093596577644348, 0.04467691481113434, 0.07055135071277618, 0.06531539559364319, 0.05393014848232269, 0.09956495463848114, 0.07831275463104248, 0.12882781028747559, 0.0640353187918663, 0.06271273642778397, 0.06158994510769844, 0.05187755450606346, 0.06635221093893051, 0.06248157471418381, 0.08501441031694412, 0.05846356600522995, 0.0931500494480133, 0.11114442348480225, 0.10614456981420517, 0.13724304735660553, 0.11379536986351013, 0.10014909505844116, 0.0651564821600914, 0.081904336810112, 0.0862349271774292, 0.050005748867988586, 0.0920725166797638, 0.04852847382426262, 0.08638116717338562, 0.07649484276771545, 0.06937873363494873, 0.04269246757030487, 0.0689605101943016, 0.09484498202800751, 0.059022922068834305, 0.08730107545852661, 0.05931956693530083, 0.0797630101442337, 2.536679983139038, 0.09612756967544556, 0.077424556016922, 0.05182436481118202, 0.08851201087236404, 0.06764648854732513, 0.07131792604923248, 0.06305199861526489, 0.050244830548763275, 0.08142170310020447, 0.047039154917001724, 0.08008858561515808, 0.09876210242509842, 0.07859552651643753, 0.10834803432226181, 0.06394371390342712, 0.08112642168998718, 0.0647609606385231, 0.058685384690761566, 0.05774068087339401, 0.05296237766742706, 0.05967353656888008, 0.050535235553979874, 0.06147852540016174, 0.04454699531197548, 0.051433295011520386, 0.041503652930259705, 0.030171096324920654, 0.043908629566431046, 0.025779083371162415, 0.03616798669099808, 0.04380539059638977, 0.026923011988401413, 0.027806825935840607, 0.05008387565612793, 0.01985342800617218, 0.03444131463766098, 0.024062924087047577, 0.03139154613018036, 0.04515343904495239, 0.035622648894786835, 0.029583796858787537, 0.036150794476270676, 0.016695870086550713, 0.0310811810195446, 0.3411206603050232, 0.13647256791591644, 0.08894853293895721, 0.15449796617031097, 0.14742344617843628, 0.07091964036226273, 0.13006804883480072, 0.05965674668550491, 0.05851678177714348, 0.04823434352874756, 0.07921277731657028, 0.08690195530653, 0.04476119205355644, 0.05456097424030304, 0.05811843276023865, 0.07000500708818436, 0.11473545432090759, 0.0600912906229496, 0.06018489971756935, 0.07048894464969635, 0.06953006982803345, 0.16056503355503082, 0.09779226034879684, 0.080699622631073, 0.098661407828331, 0.07797293365001678, 0.1580144762992859, 0.15014152228832245, 0.08909811824560165, 0.09382431954145432, 0.05881575122475624, 0.05531379580497742, 0.0784096047282219, 0.05656532198190689, 0.09098664671182632, 0.04369019344449043] 
