Netz: 784 - 500 - 500 - 500 - 10 
Rang - adaptiv ?: ja außer letzte Layer 
Epochen: 250 
Euler - Schrittweite: 0.2 
SV Trunkierung: tau*norm(Sigma) mit tau = 0.15 
Batch - Size: 600 
Device: cuda   
______________________________________________________________ 
Accuracy: [0.1322, 0.1135, 0.1135, 0.2129, 0.3175, 0.4752, 0.5246, 0.7397, 0.7291, 0.8369, 0.8736, 0.8918, 0.8825, 0.8727, 0.9017, 0.9119, 0.7921, 0.8161, 0.8994, 0.9065, 0.9202, 0.9274, 0.9325, 0.9298, 0.9335, 0.9347, 0.9354, 0.941, 0.9394, 0.9394, 0.9173, 0.9284, 0.9391, 0.8996, 0.9264, 0.9137, 0.9384, 0.937, 0.9403, 0.942, 0.9403, 0.9448, 0.9453, 0.9261, 0.9272, 0.9361, 0.9407, 0.9463, 0.9409, 0.9483, 0.9436, 0.9468, 0.9449, 0.9335, 0.3944, 0.6333, 0.9097, 0.9279, 0.9332, 0.9383, 0.9383, 0.945, 0.9462, 0.9104, 0.9322, 0.9448, 0.9386, 0.9425, 0.9461, 0.9471, 0.9463, 0.9462, 0.9488, 0.9486, 0.9497, 0.9459, 0.9513, 0.9435, 0.9503, 0.9524, 0.9537, 0.952, 0.9539, 0.9548, 0.9519, 0.9534, 0.9274, 0.9354, 0.9468, 0.9372, 0.9283, 0.9364, 0.9445, 0.9476, 0.9432, 0.9475, 0.9472, 0.9478, 0.9463, 0.9487, 0.9521, 0.9535, 0.9548, 0.9534, 0.9572, 0.9565, 0.9565, 0.9581, 0.9572, 0.9582, 0.9578, 0.9597, 0.9581, 0.9554, 0.9595, 0.9587, 0.9602, 0.9531, 0.9542, 0.9599, 0.9595, 0.9575, 0.9599, 0.9506, 0.9319, 0.9494, 0.9502, 0.9504, 0.9407, 0.9459, 0.9524, 0.9533, 0.9572, 0.9584, 0.9556, 0.9576, 0.957, 0.9587, 0.9591, 0.9599, 0.9602, 0.9578, 0.9595, 0.9608, 0.9605, 0.9592, 0.9625, 0.9614, 0.9595, 0.962, 0.961, 0.9575, 0.9562, 0.9597, 0.9554, 0.9585, 0.9578, 0.9609, 0.9582, 0.9608, 0.9553, 0.9598, 0.9568, 0.959, 0.9594, 0.9601, 0.9625, 0.9596, 0.9627, 0.9624, 0.9613, 0.9604, 0.9594, 0.9621, 0.9615, 0.9628, 0.9622, 0.9626, 0.9624, 0.9648, 0.9641, 0.9639, 0.9622, 0.9572, 0.9573, 0.9621, 0.9634, 0.9647, 0.962, 0.9634, 0.9627, 0.9625, 0.9651, 0.9622, 0.9644, 0.964, 0.9644, 0.9615, 0.9652, 0.9651, 0.9625, 0.9643, 0.9644, 0.9661, 0.9647, 0.9653, 0.9614, 0.9595, 0.8651, 0.944, 0.9514, 0.9488, 0.9563, 0.958, 0.9428, 0.9501, 0.9437, 0.9512, 0.9524, 0.9417, 0.9521, 0.9532, 0.9553, 0.9542, 0.9531, 0.9519, 0.9544, 0.958, 0.9569, 0.9592, 0.9541, 0.9578, 0.9595, 0.9582, 0.96, 0.96, 0.9599, 0.9625, 0.9616, 0.9612, 0.9632, 0.9636, 0.9624, 0.9643, 0.9652, 0.9632, 0.965, 0.9635, 0.9648, 0.9661, 0.9672] 
Trainingsdauer: 2025.1003720760345 
Rang Entwicklung Layer 1: [500, 39, 39, 38, 36, 30, 26, 22, 19, 16, 14, 13, 13, 12, 12, 12, 12, 11, 11, 11, 11, 11, 11, 11, 11, 11, 11, 11, 11, 11, 11, 11, 11, 11, 11, 11, 11, 11, 11, 11, 11, 11, 11, 11, 11, 11, 11, 11, 11, 11, 11, 11, 11, 11, 11, 11, 11, 11, 11, 11, 11, 11, 11, 11, 11, 11, 11, 11, 11, 11, 11, 11, 11, 11, 11, 11, 11, 11, 11, 11, 11, 11, 11, 11, 11, 11, 11, 11, 11, 11, 11, 11, 11, 11, 11, 11, 11, 11, 11, 11, 11, 11, 11, 11, 11, 11, 11, 11, 11, 11, 11, 11, 11, 11, 11, 11, 11, 11, 11, 11, 11, 11, 11, 11, 11, 11, 11, 11, 11, 11, 11, 11, 11, 11, 11, 11, 11, 11, 11, 11, 11, 11, 11, 11, 11, 11, 11, 11, 11, 11, 11, 11, 11, 11, 11, 11, 11, 11, 11, 11, 11, 11, 11, 11, 11, 11, 11, 11, 11, 11, 11, 11, 11, 11, 11, 11, 11, 11, 11, 11, 11, 11, 11, 11, 11, 11, 11, 11, 11, 11, 11, 11, 11, 11, 11, 11, 11, 11, 11, 11, 11, 11, 11, 11, 11, 11, 11, 11, 11, 11, 11, 11, 11, 11, 11, 11, 11, 11, 11, 11, 11, 11, 11, 11, 11, 11, 11, 11, 11, 11, 11, 11, 11, 11, 11, 11, 11, 11, 11, 11, 11, 11, 11, 11, 11, 11, 11, 11, 11, 11, 11] 
Rang Entwicklung Layer 2: [500, 38, 38, 37, 35, 33, 30, 28, 25, 24, 22, 21, 20, 20, 19, 18, 18, 16, 15, 14, 14, 13, 13, 13, 12, 12, 11, 11, 11, 11, 10, 10, 10, 10, 10, 10, 10, 10, 10, 10, 10, 10, 10, 10, 10, 10, 10, 10, 10, 10, 10, 10, 10, 10, 10, 10, 10, 10, 10, 10, 10, 10, 10, 10, 10, 10, 10, 10, 10, 10, 10, 10, 10, 10, 10, 10, 10, 10, 10, 10, 10, 10, 10, 10, 10, 10, 10, 10, 10, 10, 10, 10, 10, 10, 10, 10, 10, 10, 10, 10, 10, 10, 10, 10, 10, 10, 10, 10, 10, 10, 10, 10, 10, 10, 10, 10, 10, 10, 10, 10, 10, 10, 10, 10, 10, 10, 10, 10, 10, 10, 10, 10, 10, 10, 10, 10, 10, 10, 10, 10, 10, 10, 10, 10, 10, 10, 10, 10, 10, 10, 10, 10, 10, 10, 10, 10, 10, 10, 10, 10, 10, 10, 10, 10, 10, 10, 10, 10, 10, 10, 10, 10, 10, 10, 10, 10, 10, 10, 10, 10, 10, 10, 10, 10, 10, 10, 10, 10, 10, 10, 10, 10, 10, 10, 10, 10, 10, 10, 10, 10, 10, 10, 10, 10, 10, 10, 10, 10, 10, 10, 10, 10, 10, 10, 10, 10, 10, 10, 10, 10, 10, 10, 10, 10, 10, 10, 10, 10, 10, 10, 10, 10, 10, 10, 10, 10, 10, 10, 10, 10, 10, 10, 10, 10, 10, 10, 10, 10, 10, 10, 10] 
Rang Entwicklung Layer 3: [500, 38, 38, 37, 35, 33, 31, 28, 25, 24, 23, 22, 21, 20, 20, 19, 19, 18, 16, 15, 15, 14, 14, 13, 13, 12, 12, 12, 12, 11, 11, 11, 11, 11, 11, 11, 11, 11, 10, 10, 10, 10, 10, 10, 10, 10, 9, 9, 9, 9, 9, 9, 9, 9, 9, 9, 9, 9, 9, 9, 9, 9, 9, 9, 9, 9, 9, 9, 9, 9, 9, 9, 9, 9, 9, 9, 9, 9, 9, 9, 9, 9, 9, 9, 9, 9, 9, 9, 9, 9, 9, 9, 9, 9, 9, 9, 9, 9, 9, 9, 9, 9, 9, 9, 9, 9, 9, 9, 9, 9, 9, 9, 9, 9, 9, 9, 9, 9, 9, 9, 9, 9, 9, 9, 9, 9, 9, 9, 9, 9, 9, 9, 9, 9, 9, 9, 9, 9, 9, 9, 9, 9, 9, 9, 9, 9, 9, 9, 9, 9, 9, 9, 9, 9, 9, 9, 9, 9, 9, 9, 9, 9, 9, 9, 9, 9, 9, 9, 9, 9, 9, 9, 9, 9, 9, 9, 9, 9, 9, 9, 9, 9, 9, 9, 9, 9, 9, 9, 9, 9, 9, 9, 9, 9, 9, 9, 9, 9, 9, 9, 9, 9, 9, 9, 9, 9, 9, 9, 9, 9, 9, 9, 9, 9, 9, 9, 9, 9, 9, 9, 9, 9, 9, 9, 9, 9, 9, 9, 9, 9, 9, 9, 9, 9, 9, 9, 9, 9, 9, 9, 9, 9, 9, 9, 9, 9, 9, 9, 9, 9, 9] 
Rang Entwicklung Layer 4: [10, 10, 10, 10, 10, 10, 10, 10, 10, 10, 10, 10, 10, 10, 10, 10, 10, 10, 10, 10, 10, 10, 10, 10, 10, 10, 10, 10, 10, 10, 10, 10, 10, 10, 10, 10, 10, 10, 10, 10, 10, 10, 10, 10, 10, 10, 10, 10, 10, 10, 10, 10, 10, 10, 10, 10, 10, 10, 10, 10, 10, 10, 10, 10, 10, 10, 10, 10, 10, 10, 10, 10, 10, 10, 10, 10, 10, 10, 10, 10, 10, 10, 10, 10, 10, 10, 10, 10, 10, 10, 10, 10, 10, 10, 10, 10, 10, 10, 10, 10, 10, 10, 10, 10, 10, 10, 10, 10, 10, 10, 10, 10, 10, 10, 10, 10, 10, 10, 10, 10, 10, 10, 10, 10, 10, 10, 10, 10, 10, 10, 10, 10, 10, 10, 10, 10, 10, 10, 10, 10, 10, 10, 10, 10, 10, 10, 10, 10, 10, 10, 10, 10, 10, 10, 10, 10, 10, 10, 10, 10, 10, 10, 10, 10, 10, 10, 10, 10, 10, 10, 10, 10, 10, 10, 10, 10, 10, 10, 10, 10, 10, 10, 10, 10, 10, 10, 10, 10, 10, 10, 10, 10, 10, 10, 10, 10, 10, 10, 10, 10, 10, 10, 10, 10, 10, 10, 10, 10, 10, 10, 10, 10, 10, 10, 10, 10, 10, 10, 10, 10, 10, 10, 10, 10, 10, 10, 10, 10, 10, 10, 10, 10, 10, 10, 10, 10, 10, 10, 10, 10, 10, 10, 10, 10, 10, 10, 10, 10, 10, 10, 10] 
Loss: [2.297377824783325, 2.2899763584136963, 2.135697603225708, 1.6962093114852905, 1.293611764907837, 1.190199375152588, 0.7552013397216797, 0.7484464645385742, 0.5203355550765991, 0.5026981830596924, 0.35535162687301636, 0.4843858778476715, 0.4703531265258789, 0.33359527587890625, 0.27727824449539185, 0.626987874507904, 0.6131218671798706, 0.3427111804485321, 0.3364503085613251, 0.2811638116836548, 0.23521077632904053, 0.2354515790939331, 0.20189599692821503, 0.23630419373512268, 0.23720787465572357, 0.19086213409900665, 0.17930370569229126, 0.1593213975429535, 0.21695442497730255, 0.30287784337997437, 0.24646686017513275, 0.19437405467033386, 0.34636643528938293, 0.21975955367088318, 0.31957006454467773, 0.16899175941944122, 0.19846941530704498, 0.1692497581243515, 0.18593423068523407, 0.16781805455684662, 0.17997446656227112, 0.17633464932441711, 0.21295666694641113, 0.27553650736808777, 0.20498953759670258, 0.23488889634609222, 0.18812453746795654, 0.16946817934513092, 0.16687285900115967, 0.18220478296279907, 0.14079248905181885, 0.18925100564956665, 0.18834854662418365, 1.9247839450836182, 1.1791493892669678, 0.32069146633148193, 0.18061375617980957, 0.18731333315372467, 0.2105657309293747, 0.20140200853347778, 0.14223133027553558, 0.16525447368621826, 0.3101685047149658, 0.24496406316757202, 0.17355674505233765, 0.18567532300949097, 0.1499168425798416, 0.13992521166801453, 0.1250220239162445, 0.14674462378025055, 0.19649292528629303, 0.1540592610836029, 0.16546280682086945, 0.12805579602718353, 0.11143479496240616, 0.11884646117687225, 0.12425839900970459, 0.16194742918014526, 0.10017431527376175, 0.10822853446006775, 0.11189710348844528, 0.12474709749221802, 0.10467323660850525, 0.09133095294237137, 0.1286756992340088, 0.23896951973438263, 0.183578222990036, 0.19214847683906555, 0.17126871645450592, 0.21964789927005768, 0.19024355709552765, 0.18525607883930206, 0.1786835789680481, 0.14904369413852692, 0.1354062706232071, 0.17382951080799103, 0.16510331630706787, 0.1806110292673111, 0.14800629019737244, 0.1036568433046341, 0.10752595216035843, 0.12377511709928513, 0.10423213988542557, 0.11497295647859573, 0.15981577336788177, 0.117560975253582, 0.09334611892700195, 0.1168566420674324, 0.09806245565414429, 0.11656487733125687, 0.1160893663764, 0.10638711601495743, 0.1525624543428421, 0.10308738797903061, 0.08242323994636536, 0.17979298532009125, 0.12658734619617462, 0.11726958304643631, 0.10497526079416275, 0.06508577615022659, 0.10414071381092072, 0.11157561093568802, 0.09028200805187225, 0.20464268326759338, 0.1522907316684723, 0.15673604607582092, 0.08883630484342575, 0.1697392463684082, 0.17571856081485748, 0.1683874875307083, 0.1673247218132019, 0.11120304465293884, 0.09040970355272293, 0.10228642076253891, 0.07766301184892654, 0.08946173638105392, 0.12764394283294678, 0.1183251440525055, 0.11724777519702911, 0.09075901657342911, 0.13316668570041656, 0.10182221978902817, 0.08567208796739578, 0.07404740154743195, 0.1217382401227951, 0.09914834052324295, 0.05650174617767334, 0.09704454243183136, 0.15399989485740662, 0.11665663123130798, 0.06912755966186523, 0.08474618941545486, 0.059051647782325745, 0.093809112906456, 0.09729763120412827, 0.08135241270065308, 0.09209739416837692, 0.12795709073543549, 0.07256079465150833, 0.09376534819602966, 0.06096416339278221, 0.13366559147834778, 0.11610089987516403, 0.07239536195993423, 0.09607521444559097, 0.10701408237218857, 0.09986700117588043, 0.06997165828943253, 0.0798809751868248, 0.06750283390283585, 0.04771571233868599, 0.07437104731798172, 0.0707956850528717, 0.11628195643424988, 0.06705377995967865, 0.07240453362464905, 0.07057289034128189, 0.05103052034974098, 0.06175318360328674, 0.06249619275331497, 0.06403829902410507, 0.08054501563310623, 0.0869300365447998, 0.09694209694862366, 0.06612586975097656, 0.07699456065893173, 0.057891011238098145, 0.07014281302690506, 0.048497140407562256, 0.059105224907398224, 0.07028450816869736, 0.06974782049655914, 0.10246843099594116, 0.0685475766658783, 0.10666204243898392, 0.055360112339258194, 0.053454164415597916, 0.03736766055226326, 0.06587672978639603, 0.06957423686981201, 0.05385143309831619, 0.07322072982788086, 0.06418278068304062, 0.04353223741054535, 0.055201414972543716, 0.07440027594566345, 0.11204391717910767, 0.4629250466823578, 0.21488291025161743, 0.15103936195373535, 0.114874929189682, 0.11743493378162384, 0.08010263741016388, 0.17258508503437042, 0.16251227259635925, 0.14543312788009644, 0.11580689996480942, 0.10650785267353058, 0.14902366697788239, 0.14702853560447693, 0.09703247994184494, 0.09492014348506927, 0.1053759753704071, 0.11251195520162582, 0.18676209449768066, 0.13798856735229492, 0.14271792769432068, 0.06080405414104462, 0.12072882056236267, 0.13761776685714722, 0.10301980376243591, 0.1460701823234558, 0.10908985137939453, 0.055949535220861435, 0.06725259870290756, 0.07157398015260696, 0.09063678234815598, 0.09574343264102936, 0.08169888705015182, 0.0791868194937706, 0.07383210211992264, 0.08629431575536728, 0.0551445446908474, 0.09014556556940079, 0.10115066170692444, 0.09098540991544724, 0.07408586144447327, 0.07961566746234894, 0.09617038816213608, 0.09950508922338486] 
