Netz: 784 - 500 - 500 - 500 - 10 
Rang - adaptiv ?: ja bis einschließlich Epoche 50, dann nicht rangadaptiv 
Epochen: 100 
Euler - Schrittweite: 0.2 
SV Trunkierung: tau*norm(Sigma) mit tau = 0.15 
Batch - Size: 600 
Device: cuda 
______________________________________________________________ 
Accuracy: [0.111, 0.1135, 0.1135, 0.2139, 0.3923, 0.5849, 0.6877, 0.7463, 0.8317, 0.8671, 0.8827, 0.8929, 0.9073, 0.9136, 0.9003, 0.9132, 0.9207, 0.9176, 0.9245, 0.8339, 0.8416, 0.9063, 0.9123, 0.9264, 0.9294, 0.9171, 0.9289, 0.8638, 0.9147, 0.9265, 0.8358, 0.9251, 0.9271, 0.921, 0.9263, 0.9302, 0.936, 0.9379, 0.9402, 0.9407, 0.9442, 0.9457, 0.9394, 0.9459, 0.9369, 0.9402, 0.9449, 0.9454, 0.9405, 0.9476, 0.9473, 0.9475, 0.9512, 0.9512, 0.9521, 0.9523, 0.9539, 0.9538, 0.9553, 0.9533, 0.9552, 0.9552, 0.9526, 0.9553, 0.9564, 0.9569, 0.958, 0.9549, 0.9563, 0.9572, 0.9592, 0.9558, 0.9583, 0.9576, 0.9578, 0.9564, 0.9554, 0.9589, 0.9572, 0.9594, 0.9582, 0.9595, 0.9586, 0.958, 0.959, 0.9595, 0.9595, 0.9596, 0.959, 0.9566, 0.96, 0.96, 0.9619, 0.9582, 0.9597, 0.9585, 0.9575, 0.9579, 0.9544, 0.9582, 0.9584] 
Trainingsdauer: 813.4269516468048 
Rang Entwicklung Layer 1: [500, 39, 38, 37, 33, 28, 24, 20, 17, 15, 14, 13, 12, 11, 10, 10, 10, 10, 10, 10, 10, 10, 10, 10, 10, 10, 10, 10, 10, 10, 10, 10, 10, 10, 10, 10, 10, 10, 10, 10, 10, 10, 10, 10, 10, 10, 10, 10, 10, 10, 10, 10, 10, 10, 10, 10, 10, 10, 10, 10, 10, 10, 10, 10, 10, 10, 10, 10, 10, 10, 10, 10, 10, 10, 10, 10, 10, 10, 10, 10, 10, 10, 10, 10, 10, 10, 10, 10, 10, 10, 10, 10, 10, 10, 10, 10, 10, 10, 10, 10, 10] 
Rang Entwicklung Layer 2: [500, 38, 38, 37, 34, 31, 29, 27, 25, 23, 22, 22, 21, 20, 19, 19, 18, 17, 16, 16, 15, 14, 13, 12, 12, 11, 11, 10, 10, 10, 9, 9, 9, 9, 9, 9, 9, 9, 9, 9, 9, 9, 9, 9, 9, 9, 9, 9, 9, 9, 9, 9, 9, 9, 9, 9, 9, 9, 9, 9, 9, 9, 9, 9, 9, 9, 9, 9, 9, 9, 9, 9, 9, 9, 9, 9, 9, 9, 9, 9, 9, 9, 9, 9, 9, 9, 9, 9, 9, 9, 9, 9, 9, 9, 9, 9, 9, 9, 9, 9, 9] 
Rang Entwicklung Layer 3: [500, 38, 38, 37, 35, 32, 29, 27, 26, 24, 23, 22, 21, 20, 20, 19, 18, 17, 16, 16, 16, 15, 15, 14, 13, 13, 13, 13, 13, 13, 12, 12, 11, 11, 11, 10, 10, 10, 10, 10, 10, 9, 9, 9, 9, 9, 9, 9, 9, 9, 9, 9, 9, 9, 9, 9, 9, 9, 9, 9, 9, 9, 9, 9, 9, 9, 9, 9, 9, 9, 9, 9, 9, 9, 9, 9, 9, 9, 9, 9, 9, 9, 9, 9, 9, 9, 9, 9, 9, 9, 9, 9, 9, 9, 9, 9, 9, 9, 9, 9, 9] 
Rang Entwicklung Layer 4: [10, 10, 10, 10, 10, 10, 10, 10, 10, 10, 10, 10, 10, 10, 10, 10, 10, 10, 10, 10, 10, 10, 10, 10, 10, 10, 10, 10, 10, 10, 10, 10, 10, 10, 10, 10, 10, 10, 10, 10, 10, 10, 10, 10, 10, 10, 10, 10, 10, 10, 10, 10, 10, 10, 10, 10, 10, 10, 10, 10, 10, 10, 10, 10, 10, 10, 10, 10, 10, 10, 10, 10, 10, 10, 10, 10, 10, 10, 10, 10, 10, 10, 10, 10, 10, 10, 10, 10, 10, 10, 10, 10, 10, 10, 10, 10, 10, 10, 10, 10, 10] 
Loss: [2.2980589866638184, 2.2936601638793945, 2.066830635070801, 1.6263482570648193, 1.1528949737548828, 0.8636636137962341, 0.8135049939155579, 0.521440327167511, 0.4765516519546509, 0.40863412618637085, 0.39156705141067505, 0.3590855300426483, 0.2896132469177246, 0.29612594842910767, 0.25515756011009216, 0.2618549168109894, 0.25875160098075867, 0.27995598316192627, 0.5534688830375671, 0.4885634481906891, 0.3129121959209442, 0.31748342514038086, 0.27697595953941345, 0.3043344020843506, 0.2786635458469391, 0.2210269719362259, 0.5219793915748596, 0.27852487564086914, 0.22010399401187897, 0.5845401883125305, 0.24136438965797424, 0.25615331530570984, 0.3210885226726532, 0.2760436534881592, 0.20545870065689087, 0.19445230066776276, 0.19358690083026886, 0.19605466723442078, 0.15395894646644592, 0.12412109225988388, 0.15553626418113708, 0.21118445694446564, 0.1933509111404419, 0.20205430686473846, 0.18231528997421265, 0.1674753874540329, 0.16962122917175293, 0.17247915267944336, 0.15091314911842346, 0.13395880162715912, 0.12289058417081833, 0.11395464837551117, 0.07135451585054398, 0.08270338177680969, 0.14099784195423126, 0.08445274084806442, 0.11932547390460968, 0.11239224672317505, 0.09759695827960968, 0.12977235019207, 0.10476180166006088, 0.06411294639110565, 0.10593686997890472, 0.08053840696811676, 0.09430310875177383, 0.06645246595144272, 0.06663192808628082, 0.0935397818684578, 0.07898909598588943, 0.08898156881332397, 0.08152756094932556, 0.06660199165344238, 0.06470806151628494, 0.10176981985569, 0.08526551723480225, 0.0642457827925682, 0.05997331440448761, 0.08202037960290909, 0.08919768035411835, 0.049969203770160675, 0.06743960082530975, 0.06595071405172348, 0.08608265221118927, 0.05150006338953972, 0.0671987235546112, 0.03747829049825668, 0.06916891038417816, 0.06153136119246483, 0.05090450495481491, 0.03544725850224495, 0.08937928080558777, 0.043959714472293854, 0.07868362218141556, 0.044134367257356644, 0.06479167938232422, 0.08409669995307922, 0.0701289176940918, 0.058036137372255325, 0.04257374629378319, 0.06614736467599869] 
