Netz: 784 - 500 - 500 - 500 - 10 
Rang - adaptiv ?: ja bis einschließlich Epoche 50, dann nicht rangadaptiv 
Epochen: 100 
Euler - Schrittweite: 0.2 
SV Trunkierung: tau*norm(Sigma) mit tau = 0.04 
Batch - Size: 600 
Device: cuda 
______________________________________________________________ 
Accuracy: [0.099, 0.3086, 0.4833, 0.7106, 0.8382, 0.8423, 0.8952, 0.9004, 0.9124, 0.9038, 0.8881, 0.92, 0.9134, 0.9249, 0.8995, 0.8862, 0.9149, 0.7992, 0.8328, 0.8993, 0.9095, 0.9266, 0.9306, 0.936, 0.9391, 0.9437, 0.9473, 0.9471, 0.95, 0.9508, 0.9519, 0.9514, 0.9073, 0.9365, 0.9261, 0.9444, 0.9486, 0.9508, 0.9527, 0.9514, 0.9562, 0.9562, 0.9563, 0.9587, 0.961, 0.9589, 0.9544, 0.9527, 0.9457, 0.9534, 0.9583, 0.9642, 0.9657, 0.9668, 0.9682, 0.9696, 0.9722, 0.9723, 0.974, 0.9738, 0.975, 0.9743, 0.9734, 0.9746, 0.9756, 0.9764, 0.9761, 0.9766, 0.9753, 0.9751, 0.9754, 0.9756, 0.9765, 0.9766, 0.9765, 0.9773, 0.9763, 0.9771, 0.9763, 0.9782, 0.9767, 0.978, 0.9778, 0.9779, 0.9773, 0.9776, 0.9778, 0.9773, 0.9786, 0.9785, 0.9776, 0.9779, 0.9779, 0.978, 0.9776, 0.9779, 0.9784, 0.9783, 0.9778, 0.9783, 0.9779] 
Trainingsdauer: 1885.8999345302582 
Rang Entwicklung Layer 1: [500, 299, 263, 257, 251, 246, 242, 241, 239, 238, 236, 231, 226, 224, 222, 216, 212, 205, 202, 200, 198, 195, 195, 192, 192, 191, 190, 189, 188, 188, 187, 186, 184, 183, 181, 179, 179, 178, 178, 178, 176, 176, 174, 173, 172, 172, 172, 170, 168, 167, 165, 165, 165, 165, 165, 165, 165, 165, 165, 165, 165, 165, 165, 165, 165, 165, 165, 165, 165, 165, 165, 165, 165, 165, 165, 165, 165, 165, 165, 165, 165, 165, 165, 165, 165, 165, 165, 165, 165, 165, 165, 165, 165, 165, 165, 165, 165, 165, 165, 165, 165] 
Rang Entwicklung Layer 2: [500, 241, 237, 231, 227, 225, 223, 223, 221, 221, 220, 219, 217, 217, 215, 211, 209, 205, 204, 203, 200, 199, 198, 198, 198, 196, 196, 195, 195, 194, 194, 193, 192, 192, 191, 190, 189, 189, 189, 188, 188, 188, 187, 187, 186, 186, 185, 185, 185, 184, 183, 183, 183, 183, 183, 183, 183, 183, 183, 183, 183, 183, 183, 183, 183, 183, 183, 183, 183, 183, 183, 183, 183, 183, 183, 183, 183, 183, 183, 183, 183, 183, 183, 183, 183, 183, 183, 183, 183, 183, 183, 183, 183, 183, 183, 183, 183, 183, 183, 183, 183] 
Rang Entwicklung Layer 3: [500, 241, 236, 230, 227, 226, 225, 224, 224, 223, 221, 220, 219, 218, 217, 216, 215, 212, 209, 209, 208, 208, 208, 206, 205, 205, 204, 204, 203, 203, 202, 202, 202, 201, 201, 201, 200, 199, 198, 197, 197, 197, 197, 197, 197, 196, 196, 195, 194, 194, 194, 194, 194, 194, 194, 194, 194, 194, 194, 194, 194, 194, 194, 194, 194, 194, 194, 194, 194, 194, 194, 194, 194, 194, 194, 194, 194, 194, 194, 194, 194, 194, 194, 194, 194, 194, 194, 194, 194, 194, 194, 194, 194, 194, 194, 194, 194, 194, 194, 194, 194] 
Rang Entwicklung Layer 4: [10, 10, 10, 10, 10, 10, 10, 10, 10, 10, 10, 10, 10, 10, 10, 10, 10, 10, 10, 10, 10, 10, 10, 10, 10, 10, 10, 10, 10, 10, 10, 10, 10, 10, 10, 10, 10, 10, 10, 10, 10, 10, 10, 10, 10, 10, 10, 10, 10, 10, 10, 10, 10, 10, 10, 10, 10, 10, 10, 10, 10, 10, 10, 10, 10, 10, 10, 10, 10, 10, 10, 10, 10, 10, 10, 10, 10, 10, 10, 10, 10, 10, 10, 10, 10, 10, 10, 10, 10, 10, 10, 10, 10, 10, 10, 10, 10, 10, 10, 10, 10] 
Loss: [2.2033820152282715, 1.3786851167678833, 0.9270180463790894, 0.6042388081550598, 0.5250640511512756, 0.4526906907558441, 0.41784265637397766, 0.3039337992668152, 0.3642517924308777, 0.3416067361831665, 0.25027456879615784, 0.36028698086738586, 0.3046339452266693, 0.37087488174438477, 0.3313996195793152, 0.34102487564086914, 0.8493390083312988, 0.45878469944000244, 0.37416166067123413, 0.3410843312740326, 0.22382082045078278, 0.25466540455818176, 0.21177354454994202, 0.16155987977981567, 0.18645168840885162, 0.2060060054063797, 0.18581850826740265, 0.1551983505487442, 0.17065490782260895, 0.1823788434267044, 0.15028215944766998, 0.31200143694877625, 0.22237363457679749, 0.2459360808134079, 0.23609229922294617, 0.1853451430797577, 0.2109934538602829, 0.11979259550571442, 0.16188259422779083, 0.15687166154384613, 0.12655118107795715, 0.1688661277294159, 0.11263445764780045, 0.11010180413722992, 0.16002851724624634, 0.1490030437707901, 0.14832404255867004, 0.1536128669977188, 0.16494370996952057, 0.15191715955734253, 0.10477542132139206, 0.07555210590362549, 0.08176029473543167, 0.05152665823698044, 0.032425545156002045, 0.04310213774442673, 0.022036254405975342, 0.02553710527718067, 0.03527623042464256, 0.03272775933146477, 0.029700107872486115, 0.04513745754957199, 0.01599726639688015, 0.03174217417836189, 0.025735750794410706, 0.011610442772507668, 0.019866494461894035, 0.010500708594918251, 0.013536435551941395, 0.02040894702076912, 0.005223944317549467, 0.006582594010978937, 0.00724838487803936, 0.005898263305425644, 0.011086840182542801, 0.01126888021826744, 0.006059754639863968, 0.006597056053578854, 0.0037953213322907686, 0.004851523786783218, 0.0058786929585039616, 0.003833298571407795, 0.004147764295339584, 0.004387121647596359, 0.002187317470088601, 0.003734249621629715, 0.004379994235932827, 0.00270900409668684, 0.0029345336370170116, 0.0032939263619482517, 0.0019477353198453784, 0.002457864349707961, 0.0016734737437218428, 0.00267755426466465, 0.003931225743144751, 0.0022571757435798645, 0.0016648557502776384, 0.0019607560243457556, 0.0016142292879521847, 0.0030610188841819763] 
