Netz: 784 - 500 - 500 - 500 - 10 
Rang - adaptiv ?: ja bis einschließlich Epoche 50, dann nicht rangadaptiv 
Epochen: 100 
Euler - Schrittweite: 0.2 
SV Trunkierung: tau*norm(Sigma) mit tau = 0.08 
Batch - Size: 600 
Device: cuda 
______________________________________________________________ 
Accuracy: [0.1009, 0.2742, 0.4176, 0.7066, 0.7234, 0.8357, 0.8556, 0.8761, 0.8972, 0.9115, 0.9202, 0.911, 0.924, 0.9179, 0.9243, 0.9279, 0.9345, 0.9333, 0.9167, 0.931, 0.9424, 0.945, 0.9438, 0.9411, 0.9421, 0.9392, 0.9484, 0.9481, 0.9265, 0.9293, 0.9349, 0.9316, 0.9271, 0.9415, 0.9465, 0.9473, 0.953, 0.9463, 0.9303, 0.9423, 0.9472, 0.9484, 0.9456, 0.9478, 0.9483, 0.919, 0.9351, 0.9164, 0.9422, 0.9376, 0.9367, 0.9535, 0.9581, 0.9581, 0.9616, 0.9652, 0.964, 0.9669, 0.9667, 0.9688, 0.9703, 0.9692, 0.9702, 0.9705, 0.9717, 0.9713, 0.973, 0.9732, 0.9725, 0.974, 0.9743, 0.9746, 0.9736, 0.9759, 0.9769, 0.9756, 0.9765, 0.9744, 0.9765, 0.9758, 0.9749, 0.9756, 0.9756, 0.9753, 0.9746, 0.9758, 0.9747, 0.9742, 0.9762, 0.9758, 0.9767, 0.9765, 0.976, 0.9755, 0.9775, 0.9766, 0.977, 0.9777, 0.9772, 0.9768, 0.978] 
Trainingsdauer: 1022.7584574222565 
Rang Entwicklung Layer 1: [500, 148, 107, 99, 92, 88, 84, 82, 80, 78, 77, 75, 73, 71, 69, 68, 67, 65, 62, 61, 60, 59, 58, 57, 57, 56, 55, 54, 50, 47, 47, 46, 44, 44, 43, 42, 41, 40, 38, 37, 37, 37, 37, 37, 37, 35, 34, 34, 34, 34, 34, 34, 34, 34, 34, 34, 34, 34, 34, 34, 34, 34, 34, 34, 34, 34, 34, 34, 34, 34, 34, 34, 34, 34, 34, 34, 34, 34, 34, 34, 34, 34, 34, 34, 34, 34, 34, 34, 34, 34, 34, 34, 34, 34, 34, 34, 34, 34, 34, 34, 34] 
Rang Entwicklung Layer 2: [500, 121, 103, 99, 95, 92, 90, 89, 88, 87, 86, 85, 84, 83, 81, 80, 79, 79, 77, 76, 76, 75, 75, 75, 74, 74, 73, 73, 72, 71, 70, 70, 68, 68, 67, 67, 66, 65, 64, 64, 64, 63, 63, 62, 62, 61, 60, 58, 58, 58, 57, 57, 57, 57, 57, 57, 57, 57, 57, 57, 57, 57, 57, 57, 57, 57, 57, 57, 57, 57, 57, 57, 57, 57, 57, 57, 57, 57, 57, 57, 57, 57, 57, 57, 57, 57, 57, 57, 57, 57, 57, 57, 57, 57, 57, 57, 57, 57, 57, 57, 57] 
Rang Entwicklung Layer 3: [500, 121, 103, 99, 96, 93, 92, 91, 89, 88, 87, 87, 85, 84, 83, 82, 81, 81, 80, 79, 78, 78, 78, 77, 77, 76, 76, 75, 75, 74, 74, 74, 73, 72, 71, 70, 70, 70, 69, 69, 68, 67, 67, 66, 66, 65, 65, 65, 64, 64, 64, 64, 64, 64, 64, 64, 64, 64, 64, 64, 64, 64, 64, 64, 64, 64, 64, 64, 64, 64, 64, 64, 64, 64, 64, 64, 64, 64, 64, 64, 64, 64, 64, 64, 64, 64, 64, 64, 64, 64, 64, 64, 64, 64, 64, 64, 64, 64, 64, 64, 64] 
Rang Entwicklung Layer 4: [10, 10, 10, 10, 10, 10, 10, 10, 10, 10, 10, 10, 10, 10, 10, 10, 10, 10, 10, 10, 10, 10, 10, 10, 10, 10, 10, 10, 10, 10, 10, 10, 10, 10, 10, 10, 10, 10, 10, 10, 10, 10, 10, 10, 10, 10, 10, 10, 10, 10, 10, 10, 10, 10, 10, 10, 10, 10, 10, 10, 10, 10, 10, 10, 10, 10, 10, 10, 10, 10, 10, 10, 10, 10, 10, 10, 10, 10, 10, 10, 10, 10, 10, 10, 10, 10, 10, 10, 10, 10, 10, 10, 10, 10, 10, 10, 10, 10, 10, 10, 10] 
Loss: [2.2618792057037354, 1.3755661249160767, 0.9973419308662415, 0.7728084325790405, 0.5347328186035156, 0.44477370381355286, 0.38727661967277527, 0.30459433794021606, 0.2733480930328369, 0.2538846433162689, 0.2518729269504547, 0.23493561148643494, 0.2733866572380066, 0.2987789213657379, 0.2478858381509781, 0.17245431244373322, 0.20584037899971008, 0.2980459928512573, 0.1757165640592575, 0.16110645234584808, 0.15404188632965088, 0.22900749742984772, 0.16467566788196564, 0.1935691088438034, 0.16357825696468353, 0.1407104879617691, 0.12801209092140198, 0.2403433918952942, 0.26418861746788025, 0.2457008808851242, 0.18728457391262054, 0.21014995872974396, 0.1429762989282608, 0.13907194137573242, 0.16021107137203217, 0.14756666123867035, 0.18825678527355194, 0.2291993498802185, 0.20067687332630157, 0.13627681136131287, 0.13946348428726196, 0.17045272886753082, 0.1427890956401825, 0.12805718183517456, 0.1981518417596817, 0.26741984486579895, 0.22654134035110474, 0.1942911595106125, 0.18511612713336945, 0.19205279648303986, 0.12824510037899017, 0.10406678915023804, 0.10480088740587234, 0.08467423170804977, 0.05855366960167885, 0.06811061501502991, 0.0649300143122673, 0.07277697324752808, 0.05893870070576668, 0.06489412486553192, 0.044474709779024124, 0.04051688313484192, 0.040704306215047836, 0.039390336722135544, 0.041364289820194244, 0.04929880052804947, 0.05783715099096298, 0.02256532944738865, 0.04543967917561531, 0.018086621537804604, 0.034998927265405655, 0.03227183595299721, 0.049986209720373154, 0.01829037442803383, 0.016587575897574425, 0.02390403114259243, 0.022355176508426666, 0.009162742644548416, 0.013348937034606934, 0.022875705733895302, 0.01250280812382698, 0.018280301243066788, 0.01593700423836708, 0.017276862636208534, 0.017628110945224762, 0.02180740050971508, 0.013132297433912754, 0.011056344024837017, 0.01996227167546749, 0.013092354871332645, 0.00628053629770875, 0.012357543222606182, 0.005692959297448397, 0.008116480894386768, 0.007268579211086035, 0.0068639907985925674, 0.006867276970297098, 0.005114569794386625, 0.0041078832000494, 0.004245008807629347] 
