Netz: 784 - 500 - 500 - 500 - 10 
Rang - adaptiv ?: ja bis einschließlich Epoche 50, dann nicht rangadaptiv 
Epochen: 100 
Euler - Schrittweite: 0.2 
SV Trunkierung: tau*norm(Sigma) mit tau = 0.18 
Batch - Size: 600 
Device: cuda 
______________________________________________________________ 
Accuracy: [0.1454, 0.1135, 0.1135, 0.1135, 0.1135, 0.2671, 0.3363, 0.6029, 0.7849, 0.8159, 0.8328, 0.8461, 0.8862, 0.8934, 0.8841, 0.8934, 0.9051, 0.8912, 0.9118, 0.9161, 0.9106, 0.9182, 0.9193, 0.9261, 0.9256, 0.9263, 0.927, 0.9283, 0.9297, 0.93, 0.9323, 0.9217, 0.7814, 0.9161, 0.9218, 0.9188, 0.9125, 0.9235, 0.9063, 0.9219, 0.9148, 0.9252, 0.9265, 0.9214, 0.9252, 0.9282, 0.9264, 0.9288, 0.9319, 0.929, 0.9313, 0.9344, 0.9367, 0.9378, 0.9378, 0.9385, 0.9382, 0.9408, 0.9393, 0.94, 0.9419, 0.9369, 0.941, 0.9405, 0.9415, 0.9407, 0.9414, 0.942, 0.9435, 0.9425, 0.942, 0.9421, 0.9424, 0.9404, 0.9403, 0.9435, 0.9429, 0.9361, 0.9432, 0.9417, 0.9416, 0.9419, 0.9427, 0.9412, 0.943, 0.9397, 0.9442, 0.9419, 0.9427, 0.943, 0.9431, 0.9428, 0.9405, 0.9421, 0.9434, 0.944, 0.943, 0.9409, 0.944, 0.9422, 0.9418] 
Trainingsdauer: 796.0071680545807 
Rang Entwicklung Layer 1: [500, 27, 27, 27, 27, 25, 21, 15, 11, 7, 7, 7, 7, 7, 7, 7, 7, 7, 7, 7, 7, 7, 7, 7, 7, 7, 7, 7, 7, 7, 7, 7, 7, 7, 7, 7, 7, 7, 7, 7, 7, 7, 7, 7, 7, 7, 7, 7, 7, 7, 7, 7, 7, 7, 7, 7, 7, 7, 7, 7, 7, 7, 7, 7, 7, 7, 7, 7, 7, 7, 7, 7, 7, 7, 7, 7, 7, 7, 7, 7, 7, 7, 7, 7, 7, 7, 7, 7, 7, 7, 7, 7, 7, 7, 7, 7, 7, 7, 7, 7, 7] 
Rang Entwicklung Layer 2: [500, 27, 27, 27, 27, 25, 23, 19, 16, 15, 13, 12, 11, 10, 9, 9, 8, 7, 7, 7, 7, 7, 7, 6, 6, 6, 6, 6, 6, 6, 6, 6, 6, 6, 6, 6, 6, 6, 6, 6, 6, 6, 6, 6, 6, 6, 6, 6, 6, 6, 6, 6, 6, 6, 6, 6, 6, 6, 6, 6, 6, 6, 6, 6, 6, 6, 6, 6, 6, 6, 6, 6, 6, 6, 6, 6, 6, 6, 6, 6, 6, 6, 6, 6, 6, 6, 6, 6, 6, 6, 6, 6, 6, 6, 6, 6, 6, 6, 6, 6, 6] 
Rang Entwicklung Layer 3: [500, 27, 27, 27, 27, 25, 23, 19, 17, 15, 13, 12, 12, 11, 10, 10, 9, 8, 8, 8, 7, 7, 7, 7, 7, 7, 7, 7, 7, 7, 7, 7, 7, 7, 7, 7, 7, 7, 7, 7, 7, 7, 7, 7, 7, 7, 7, 7, 7, 7, 7, 7, 7, 7, 7, 7, 7, 7, 7, 7, 7, 7, 7, 7, 7, 7, 7, 7, 7, 7, 7, 7, 7, 7, 7, 7, 7, 7, 7, 7, 7, 7, 7, 7, 7, 7, 7, 7, 7, 7, 7, 7, 7, 7, 7, 7, 7, 7, 7, 7, 7] 
Rang Entwicklung Layer 4: [10, 10, 10, 10, 10, 10, 10, 10, 10, 10, 10, 10, 10, 10, 10, 10, 10, 10, 10, 10, 10, 10, 10, 10, 10, 10, 10, 10, 10, 10, 10, 10, 10, 10, 10, 10, 10, 10, 10, 10, 10, 10, 10, 10, 10, 10, 10, 10, 10, 10, 10, 10, 10, 10, 10, 10, 10, 10, 10, 10, 10, 10, 10, 10, 10, 10, 10, 10, 10, 10, 10, 10, 10, 10, 10, 10, 10, 10, 10, 10, 10, 10, 10, 10, 10, 10, 10, 10, 10, 10, 10, 10, 10, 10, 10, 10, 10, 10, 10, 10, 10] 
Loss: [2.299529790878296, 2.2984237670898438, 2.299414873123169, 2.2886834144592285, 1.825842022895813, 1.5862534046173096, 1.1623753309249878, 0.7371150255203247, 0.5914832949638367, 0.5977424383163452, 0.50327467918396, 0.47912460565567017, 0.35655316710472107, 0.4398631751537323, 0.3364478647708893, 0.28644633293151855, 0.42368602752685547, 0.2698342204093933, 0.2850196957588196, 0.31878799200057983, 0.22757670283317566, 0.22480900585651398, 0.22195085883140564, 0.23262333869934082, 0.2665681838989258, 0.31821683049201965, 0.19458119571208954, 0.2117091864347458, 0.21245793998241425, 0.24010203778743744, 0.23789143562316895, 1.0956617593765259, 0.28284817934036255, 0.21948498487472534, 0.28077736496925354, 0.3346892297267914, 0.24085253477096558, 0.28435882925987244, 0.30580586194992065, 0.3235336244106293, 0.260011225938797, 0.2282388061285019, 0.2377648651599884, 0.26999032497406006, 0.25837042927742004, 0.22460563480854034, 0.2068755030632019, 0.21473272144794464, 0.1550910472869873, 0.19650553166866302, 0.1705969274044037, 0.155716210603714, 0.21396608650684357, 0.22887392342090607, 0.18363046646118164, 0.17057137191295624, 0.1336304247379303, 0.1625976860523224, 0.13190869987010956, 0.14031244814395905, 0.1576550155878067, 0.14403614401817322, 0.13547305762767792, 0.12006581574678421, 0.1724243462085724, 0.14826394617557526, 0.1419239491224289, 0.16193903982639313, 0.12344606965780258, 0.12420908361673355, 0.14315639436244965, 0.13173794746398926, 0.13988690078258514, 0.13122449815273285, 0.1099451556801796, 0.15572401881217957, 0.15432095527648926, 0.12091804295778275, 0.1664009541273117, 0.10900792479515076, 0.13029040396213531, 0.1384260207414627, 0.11099878698587418, 0.127397820353508, 0.15471355617046356, 0.10139273852109909, 0.15070070326328278, 0.0993569865822792, 0.1445542722940445, 0.12847289443016052, 0.12351757287979126, 0.11916297674179077, 0.10771501809358597, 0.11525692045688629, 0.12223002314567566, 0.11822282522916794, 0.15267211198806763, 0.12009518593549728, 0.15870758891105652, 0.09576435387134552] 
