Netz: 784 - 500 - 500 - 500 - 10 
Rang - adaptiv ?: ja außer letzte Layer 
Epochen: 100 
Euler - Schrittweite: 0.2 
SV Trunkierung: tau*norm(Sigma) mit tau = 0.1 
Batch - Size: 600 
Device: cuda 
______________________________________________________________ 
Accuracy: [0.1017, 0.2008, 0.2643, 0.5915, 0.6601, 0.6413, 0.8436, 0.8729, 0.7928, 0.8966, 0.9022, 0.8988, 0.918, 0.922, 0.9168, 0.9284, 0.9313, 0.9355, 0.936, 0.9242, 0.9271, 0.9329, 0.9333, 0.9342, 0.9432, 0.9439, 0.9481, 0.8718, 0.9243, 0.9349, 0.9414, 0.9207, 0.9453, 0.9477, 0.9501, 0.9353, 0.9429, 0.9469, 0.9491, 0.9309, 0.9398, 0.9417, 0.9253, 0.9457, 0.8602, 0.9415, 0.9465, 0.9531, 0.9567, 0.9552, 0.9576, 0.9517, 0.9593, 0.9591, 0.9586, 0.9524, 0.9595, 0.9583, 0.9592, 0.9628, 0.9584, 0.9261, 0.9488, 0.9475, 0.9565, 0.959, 0.9568, 0.9609, 0.9585, 0.9624, 0.9637, 0.9633, 0.9637, 0.9645, 0.9662, 0.9652, 0.9664, 0.968, 0.9687, 0.968, 0.9691, 0.967, 0.9681, 0.969, 0.9657, 0.9694, 0.9681, 0.9702, 0.9705, 0.9654, 0.7848, 0.9307, 0.9422, 0.9508, 0.9493, 0.9591, 0.9588, 0.9559, 0.9532, 0.9585, 0.9573] 
Trainingsdauer: 948.4804944992065 
Rang Entwicklung Layer 1: [500, 98, 77, 70, 66, 58, 54, 51, 48, 46, 44, 42, 40, 39, 38, 37, 36, 35, 35, 33, 32, 31, 30, 29, 28, 28, 28, 27, 25, 25, 25, 25, 24, 24, 24, 23, 23, 23, 23, 22, 22, 22, 22, 22, 22, 22, 22, 22, 22, 22, 21, 21, 21, 21, 21, 21, 21, 21, 21, 21, 21, 21, 21, 21, 21, 21, 21, 21, 21, 21, 21, 21, 21, 21, 21, 21, 21, 21, 21, 21, 21, 21, 21, 21, 21, 21, 21, 21, 21, 21, 21, 21, 21, 21, 21, 21, 21, 21, 21, 21, 21] 
Rang Entwicklung Layer 2: [500, 80, 74, 70, 67, 63, 60, 58, 56, 55, 54, 53, 51, 51, 50, 49, 49, 48, 48, 47, 47, 46, 45, 45, 45, 45, 44, 43, 41, 41, 40, 39, 38, 38, 37, 37, 37, 36, 35, 35, 34, 33, 33, 32, 32, 31, 30, 30, 30, 29, 29, 29, 29, 29, 29, 29, 28, 28, 28, 27, 26, 26, 26, 26, 25, 25, 25, 25, 25, 25, 25, 25, 25, 25, 25, 25, 25, 25, 25, 25, 25, 25, 24, 24, 24, 24, 24, 24, 24, 23, 23, 23, 23, 23, 23, 23, 23, 23, 23, 23, 23] 
Rang Entwicklung Layer 3: [500, 79, 75, 70, 68, 64, 61, 60, 58, 57, 56, 55, 54, 53, 52, 51, 51, 50, 49, 49, 48, 48, 47, 47, 47, 46, 46, 46, 45, 44, 43, 42, 42, 41, 41, 41, 41, 40, 39, 39, 38, 38, 37, 37, 37, 36, 36, 36, 35, 35, 34, 34, 34, 34, 33, 33, 32, 32, 31, 31, 31, 31, 31, 31, 31, 31, 31, 31, 30, 30, 29, 29, 29, 29, 28, 28, 28, 28, 27, 27, 27, 27, 26, 26, 26, 26, 26, 25, 25, 25, 25, 25, 25, 25, 25, 25, 24, 24, 24, 24, 23] 
Rang Entwicklung Layer 4: [10, 10, 10, 10, 10, 10, 10, 10, 10, 10, 10, 10, 10, 10, 10, 10, 10, 10, 10, 10, 10, 10, 10, 10, 10, 10, 10, 10, 10, 10, 10, 10, 10, 10, 10, 10, 10, 10, 10, 10, 10, 10, 10, 10, 10, 10, 10, 10, 10, 10, 10, 10, 10, 10, 10, 10, 10, 10, 10, 10, 10, 10, 10, 10, 10, 10, 10, 10, 10, 10, 10, 10, 10, 10, 10, 10, 10, 10, 10, 10, 10, 10, 10, 10, 10, 10, 10, 10, 10, 10, 10, 10, 10, 10, 10, 10, 10, 10, 10, 10, 10] 
Loss: [2.2880699634552, 2.0129446983337402, 1.1382197141647339, 1.1324750185012817, 0.8951070308685303, 0.5985832810401917, 0.415735125541687, 0.757240891456604, 0.35570889711380005, 0.33530187606811523, 0.2848675549030304, 0.3070510923862457, 0.26195603609085083, 0.22892384231090546, 0.23162205517292023, 0.22971954941749573, 0.13381901383399963, 0.24688158929347992, 0.2564987540245056, 0.29266059398651123, 0.20338314771652222, 0.21615388989448547, 0.18093693256378174, 0.21691352128982544, 0.20504474639892578, 0.15854960680007935, 0.5374528169631958, 0.25193700194358826, 0.21615830063819885, 0.14210407435894012, 0.23823069036006927, 0.14846929907798767, 0.15752963721752167, 0.14627476036548615, 0.20279686152935028, 0.16646379232406616, 0.1339816302061081, 0.192770317196846, 0.22880737483501434, 0.18750585615634918, 0.17418523132801056, 0.26106134057044983, 0.19978652894496918, 0.4628709554672241, 0.21711501479148865, 0.13414205610752106, 0.13405053317546844, 0.11857142299413681, 0.14814111590385437, 0.12964017689228058, 0.1594780683517456, 0.12425103783607483, 0.11264227330684662, 0.09788482636213303, 0.10512649267911911, 0.10620986670255661, 0.1241275817155838, 0.08417798578739166, 0.09942831844091415, 0.08689001947641373, 0.24727948009967804, 0.13457943499088287, 0.14155858755111694, 0.1382325440645218, 0.15164050459861755, 0.15010829269886017, 0.13992811739444733, 0.11008069664239883, 0.09378759562969208, 0.10185454040765762, 0.05727308243513107, 0.07979194074869156, 0.08317962288856506, 0.08259280771017075, 0.07735008746385574, 0.0796474739909172, 0.06751219928264618, 0.06152952089905739, 0.08641133457422256, 0.04992002993822098, 0.0826515257358551, 0.03571288287639618, 0.07698231190443039, 0.08401631563901901, 0.06102002412080765, 0.050295498222112656, 0.06402920931577682, 0.08033208549022675, 0.08987443149089813, 0.9502059817314148, 0.21376261115074158, 0.21232330799102783, 0.1437126100063324, 0.14026932418346405, 0.14072805643081665, 0.10866503417491913, 0.13712520897388458, 0.1767086684703827, 0.11940255761146545, 0.12176880240440369] 
